6391.416071
213.583205
5.554216
0.650924
0.680774
0.744910
0.783131
0.815973
0.842457
0.863161
0.879222
0.891243
0.899410
0.904876
0.908261
0.910070
0.910602
0.910064
0.908581
0.906352
0.903647
0.900644
0.897377
0.893920
0.890324
0.886602
0.882781
0.879168
0.875647
0.872242
0.868868
0.865639
0.862492
0.859415
0.856340
0.853230
0.850104
0.846930
0.843700
0.840417
0.837102
0.833772
0.830430
0.827080
0.823705
0.820425
0.817181
0.813952
0.810823
0.807744
0.804654
0.801588
0.798561
0.795562
0.792622
0.789764
0.786932
0.784141
0.781393
0.778694
0.776047
0.773416
0.770814
0.768245
0.765716
0.763235
0.760776
0.758345
0.755943
0.753586
0.751261
0.748967
0.746704
0.744469
0.742264
0.740083
0.737932
0.735818
0.733706
0.731630
0.729566
0.727524
0.725502
0.723500
0.721523
0.719553
0.717620
0.715691
0.713795
0.711910
0.710039
0.708186
0.706352
0.704526
0.702716
0.700923
0.699153
0.697393
0.695652
0.693927
0.692219
0.690516
0.688833
0.687165
0.685507
0.683865
0.682232
0.680613
0.679008
0.677420
0.675835
0.674262
0.672700
0.671149
0.669610
0.668081
0.666568
0.665066
0.663576
0.662096
0.660626
0.659166
0.657714
0.656273
0.654843
0.653419
0.652005
0.650596
0.649194
0.647799
0.646407
0.645019
0.643640
0.642259
0.640884
0.639515
0.638149
0.636786
0.635428
0.634074
0.632721
0.631376
0.630034
0.628690
0.627360
0.626026
0.624697
0.623373
0.622050
0.620734
0.619417
0.618100
0.616794
0.615483
0.614177
0.612874
0.611570
0.610272
0.608969
0.607673
0.606377
0.605085
0.603789
0.602503
0.601216
0.599935
0.598656
0.597378
0.596105
0.594836
0.593569
0.592306
0.591048
0.589793
0.588539
0.587294
0.586053
0.584809
0.583577
0.582340
0.581113
0.579889
0.578668
0.577449
0.576234
0.575021
0.573814
0.572609
0.571408
0.570211
0.569019
0.567826
0.566643
0.565462
0.564285
0.563114
0.561948
0.560787
0.559632
0.558483
0.557338
0.556200
0.555066
0.553938
0.552814
0.551696
0.550582
0.549472
0.548367
0.547269
0.546174
0.545085
0.544000
0.542919
0.541848
0.540779
0.539717
0.538663
0.537614
0.536572
0.535537
0.534512
0.533491
0.532479
0.531473
0.530474
0.529482
0.528497
0.527520
0.526549
0.525583
0.524627
0.523676
0.522733
0.521794
0.520863
0.519940
0.519023
0.518112
0.517207
0.516310
0.515422
0.514537
0.513662
0.512795
0.511932
0.511082
0.510235
0.509398
0.508567
0.507744
0.506928
0.506119
0.505317
0.504521
0.503733
0.502949
0.502175
0.501405
0.500640
0.499887
0.499136
0.498392
0.497659
0.496930
0.496208
0.495493
0.494786
0.494087
0.493393
0.492710
0.492033
0.491365
0.490701
0.490046
0.489398
0.488756
0.488122
0.487493
0.486871
0.486257
0.485648
0.485047
0.484453
0.483866
0.483286
0.482713
0.482146
0.481586
0.481032
0.480484
0.479942
0.479406
0.478875
0.478349
0.477829
0.477315
0.476808
0.476304
0.475808
0.475319
0.474835
0.474363
0.473893
0.473435
0.472984
0.472539
0.472103
0.471673
0.471251
0.470835
0.470427
0.470018
0.469626
0.469230
0.468836
0.468456
0.468077
0.467699
0.467323
0.466958
0.466593
0.466233
0.465873
0.465523
0.465176
0.464833
0.464496
0.464167
0.463840
0.463523
0.463211
0.462905
0.462605
0.462313
0.462026
0.461744
0.461469
0.461198
0.460931
0.460668
0.460410
0.460153
0.459904
0.459654
0.459409
0.459169
0.458933
0.458697
0.458468
0.458238
0.458013
0.457791
0.457570
0.457354
0.457140
0.456933
0.456724
0.456523
0.456324
0.456129
0.455940
0.455748
0.455566
0.455384
0.455206
0.455030
0.454856
0.454688
0.454519
0.454353
0.454190
0.454026
0.453867
0.453709
0.453552
0.453399
0.453244
0.453090
0.452942
0.452792
0.452644
0.452495
0.452351
0.452204
0.452062
0.451917
0.451775
0.451637
0.451499
0.451357
0.451225
0.451081
0.450954
0.450813
0.450680
0.450548
0.450416
0.450285
0.450154
0.450025
0.449895
0.449767
0.449638
0.449509
0.449383
0.449257
0.449130
0.449005
0.448878
0.448752
0.448626
0.448503
0.448373
0.448255
0.448126
0.448004
0.447877
0.447753
0.447629
0.447504
0.447379
0.447253
0.447130
0.447001
0.446876
0.446754
0.446626
0.446499
0.446373
0.446246
0.446119
0.445992
0.445864
0.445735
0.445607
0.445479
0.445349
0.445219
0.445090
0.444960
0.444828
0.444698
0.444567
0.444432
0.444303
0.444166
0.444034
0.443899
0.443760
0.443627
0.443487
0.443349
0.443210
0.443069
0.442928
0.442785
0.442642
0.442498
0.442353
0.442206
0.442059
0.441911
0.441761
0.441612
0.441460
0.441307
0.441154
0.441000
0.440844
0.440687
0.440529
0.440370
0.440210
0.440049
0.439887
0.439723
0.439559
0.439393
0.439226
0.439059
0.438889
0.438719
0.438548
0.438376
0.438202
0.438028
0.437853
0.437677
0.437503
0.437321
0.437144
0.436965
0.436785
0.436603
0.436421
0.436238
0.436056
0.435869
0.435686
0.435498
0.435312
0.435124
0.434934
0.434746
0.434555
0.434366
0.434169
0.433981
0.433785
0.433588
0.433396
0.433208
0.433002
0.432807
0.432611
0.432415
0.432215
0.432018
0.431825
0.431612
0.431419
0.431217
0.431016
0.430814
0.430612
0.430412
0.430210
0.429996
0.429808
0.429597
0.429388
0.429184
0.428992
0.428778
0.428564
0.428374
0.428151
0.427954
0.427745
0.427539
0.427331
0.427128
0.426910
0.426710
0.426497
0.426290
0.426083
0.425870
0.425649
0.425453
0.425243
0.425018
0.424827
0.424593
0.424393
0.424180
0.423979
0.423755
0.423534
0.423322
0.423114
0.422897
0.422695
0.422462
0.422259
0.422027
0.421818
0.421615
0.421386
0.421157
0.420960
0.420732
0.420501
0.420298
0.420079
0.419841
0.419631
0.419412
0.419195
0.418967
0.418741
0.418523
0.418307
0.418070
0.417866
0.417618
0.417410
0.417177
0.416955
0.416744
0.416506
0.416281
0.416041
0.415838
0.415589
0.415378
0.415153
0.414908
0.414701
0.414451
0.414233
0.414006
0.413790
0.413547
0.413307
0.413095
0.412853
0.412636
0.412406
0.412158
0.411953
0.411698
0.411492
0.411249
0.411007
0.410799
0.410556
0.410325
0.410093
0.409863
0.409618
0.409401
0.409173
0.408944
0.408695
0.408485
0.408243
0.408006
0.407785
0.407543
0.407323
0.407076
0.406859
0.406630
0.406395
0.406151
0.405936
0.405708
0.405472
0.405235
0.405017
0.404776
0.404559
0.404324
0.404090
0.403874
0.403641
0.403412
0.403185
0.402957
0.402734
0.402507
0.402281
0.402055
0.401822
0.401612
0.401378
0.401164
0.400931
0.400719
0.400486
0.400277
0.400050
0.399828
0.399608
0.399389
0.399170
0.398951
0.398734
0.398508
0.398304
0.398083
0.397863
0.397653
0.397438
0.397222
0.397006
0.396796
0.396580
0.396375
0.396155
0.395949
0.395737
0.395522
0.395321
0.395110
0.394901
0.394692
0.394484
0.394278
0.394072
0.393866
0.393662
0.393457
0.393253
0.393049
0.392847
0.392643
0.392446
0.392244
0.392044
0.391843
0.391644
0.391445
0.391246
0.391049
0.390847
0.390655
0.390458
0.390261
0.390065
0.389869
0.389676
0.389479
0.389285
0.389090
0.388897
0.388703
0.388511
0.388317
0.388125
0.387932
0.387742
0.387549
0.387356
0.387167
0.386977
0.386786
0.386595
0.386405
0.386216
0.386025
0.385837
0.385647
0.385459
0.385269
0.385082
0.384892
0.384700
0.384516
0.384329
0.384138
0.383951
0.383762
0.383573
0.383386
0.383196
0.383011
0.382820
0.382631
0.382445
0.382255
0.382066
0.381879
0.381690
0.381501
0.381313
0.381122
0.380935
0.380747
0.380557
0.380368
0.380181
0.379989
0.379803
0.379611
0.379424
0.379235
0.379042
0.378856
0.378666
0.378475
0.378287
0.378094
0.377907
0.377717
0.377525
0.377336
0.377143
0.376956
0.376765
0.376574
0.376382
0.376191
0.376000
0.375809
0.375618
0.375425
0.375234
0.375042
0.374851
0.374661
0.374462
0.374273
0.374082
0.373889
0.373697
0.373503
0.373312
0.373118
0.372926
0.372732
0.372541
0.372350
0.372150
0.371960
0.371767
0.371575
0.371384
0.371184
0.370995
0.370802
0.370612
0.370408
0.370222
0.370034
0.369831
0.369646
0.369444
0.369257
0.369059
0.368873
0.368672
0.368483
0.368293
0.368094
0.367905
0.367716
0.367514
0.367329
0.367131
0.366944
0.366748
0.366553
0.366366
0.366168
0.365980
0.365789
0.365599
0.365402
0.365213
0.365020
0.364823
0.364639
0.364449
0.364252
0.364068
0.363874
0.363681
0.363493
0.363304
0.363117
0.362921
0.362736
0.362542
0.362351
0.362168
0.361976
0.361787
0.361597
0.361408
0.361225
0.361036
0.360844
0.360659
0.360468
0.360286
0.360095
0.359912
0.359721
0.359537
0.359349
0.359169
0.358981
0.358796
0.358612
0.358427
0.358243
0.358062
0.357879
0.357689
0.357514
0.357330
0.357148
0.356966
0.356789
0.356604
0.356424
0.356248
0.356065
0.355883
0.355711
0.355532
0.355351
0.355173
0.354998
0.354825
0.354644
0.354469
0.354294
0.354123
0.353945
0.353769
0.353599
0.353429
0.353252
0.353082
0.352911
0.352741
0.352569
0.352401
0.352235
0.352062
0.351893
0.351729
0.351565
0.351396
0.351227
0.351066
0.350899
0.350735
0.350574
0.350409
0.350248
0.350088
0.349923
0.349765
0.349602
0.349442
0.349287
0.349125
0.348969
0.348809
0.348651
0.348499
0.348343
0.348185
0.348031
0.347880
0.347727
0.347572
0.347419
0.347272
0.347118
0.346969
0.346819
0.346674
0.346521
0.346378
0.346227
0.346082
0.345940
0.345791
0.345647
0.345507
0.345360
0.345219
0.345076
0.344933
0.344793
0.344654
0.344514
0.344376
0.344236
0.344102
0.343960
0.343826
0.343692
0.343554
0.343420
0.343289
0.343152
0.343021
0.342890
0.342758
0.342631
0.342497
0.342371
0.342240
0.342115
0.341985
0.341862
0.341734
0.341608
0.341484
0.341362
0.341237
0.341114
0.340994
0.340871
0.340751
0.340630
0.340511
0.340391
0.340273
0.340156
0.340038
0.339922
0.339808
0.339690
0.339578
0.339462
0.339352
0.339237
0.339125
0.339015
0.338904
0.338795
0.338686
0.338576
0.338469
0.338361
0.338256
0.338149
0.338043
0.337939
0.337835
0.337731
0.337628
0.337525
0.337424
0.337323
0.337221
0.337123
0.337022
0.336924
0.336827
0.336728
0.336632
0.336536
0.336440
0.336346
0.336250
0.336158
0.336063
0.335972
0.335880
0.335788
0.335698
0.335608
0.335517
0.335430
0.335341
0.335253
0.335166
0.335080
0.334994
0.334909
0.334824
0.334740
0.334656
0.334574
0.334491
0.334409
0.334328
0.334247
0.334168
0.334088
0.334009
0.333930
0.333852
0.333775
0.333699
0.333622
0.333547
0.333473
0.333397
0.333323
0.333250
0.333177
0.333105
0.333033
0.332962
0.332891
0.332822
0.332752
0.332683
0.332614
0.332546
0.332480
0.332412
0.332346
0.332281
0.332215
0.332150
0.332085
0.332022
0.331958
0.331896
0.331833
0.331772
0.331711
0.331649
0.331590
0.331530
0.331471
0.331412
0.331354
0.331296
0.331239
0.331183
0.331127
0.331071
0.331016
0.330961
0.330908
0.330853
0.330800
0.330747
0.330696
0.330643
0.330593
0.330541
0.330491
0.330441
0.330392
0.330343
0.330295
0.330247
0.330200
0.330152
0.330106
0.330060
0.330015
0.329969
0.329924
0.329880
0.329836
0.329792
0.329750
0.329707
0.329665
0.329624
0.329583
0.329542
0.329501
0.329462
0.329422
0.329384
0.329345
0.329307
0.329270
0.329232
0.329196
0.329159
0.329124
0.329088
0.329053
0.329019
0.328985
0.328951
0.328918
0.328885
0.328852
0.328820
0.328789
0.328757
0.328726
0.328697
0.328666
0.328637
0.328607
0.328579
0.328550
0.328522
0.328495
0.328468
0.328441
0.328415
0.328389
0.328363
0.328339
0.328313
0.328288
0.328266
0.328241
0.328217
0.328195
0.328172
0.328151
0.328129
0.328108
0.328086
0.328065
0.328046
0.328026
0.328006
0.327987
0.327969
0.327950
0.327931
0.327914
0.327896
0.327882
0.327860
0.327847
0.327830
0.327814
0.327799
0.327783
0.327770
0.327755
0.327740
0.327728
0.327714
0.327701
0.327689
0.327675
0.327664
0.327652
0.327641
0.327629
0.327619
0.327608
0.327597
0.327587
0.327578
0.327569
0.327559
0.327550
0.327542
0.327533
0.327526
0.327518
0.327511
0.327503
0.327496
0.327490
0.327484
0.327478
0.327472
0.327466
0.327461
0.327456
0.327451
0.327446
0.327443
0.327439
0.327434
0.327432
0.327428
0.327424
0.327423
0.327420
0.327417
0.327414
0.327414
0.327412
0.327410
0.327410
0.327408
0.327407
0.327409
0.327405
0.327407
0.327407
0.327407
0.327408
0.327409
0.327410
0.327411
0.327412
0.327414
0.327416
0.327418
0.327420
0.327423
0.327425
0.327428
0.327431
0.327434
0.327438
0.327441
0.327445
0.327450
0.327454
0.327458
0.327462
0.327466
0.327471
0.327477
0.327482
0.327487
0.327493
0.327499
0.327505
0.327511
0.327517
0.327523
0.327530
0.327536
0.327545
0.327551
0.327558
0.327565
0.327574
0.327581
0.327589
0.327596
0.327607
0.327612
0.327622
0.327631
0.327639
0.327648
0.327657
0.327667
0.327676
0.327686
0.327696
0.327705
0.327715
0.327725
0.327735
0.327746
0.327756
0.327766
0.327779
0.327789
0.327800
0.327810
0.327822
0.327833
0.327844
0.327857
0.327868
0.327880
0.327891
0.327905
0.327915
0.327928
0.327941
0.327953
0.327965
0.327980
0.327990
0.328005
0.328018
0.328031
0.328043
0.328058
0.328070
0.328085
0.328098
0.328111
0.328125
0.328141
0.328152
0.328169
0.328181
0.328198
0.328210
0.328225
0.328240
0.328254
0.328269
0.328283
0.328300
0.328314
0.328331
0.328343
0.328361
0.328374
0.328391
0.328405
0.328421
0.328439
0.328451
0.328469
0.328485
0.328498
0.328516
0.328533
0.328546
0.328564
0.328581
0.328598
0.328611
0.328629
0.328646
0.328662
0.328678
0.328696
0.328712
0.328729
0.328745
0.328762
0.328779
0.328795
0.328812
0.328829
0.328846
0.328863
0.328880
0.328899
0.328913
0.328932
0.328950
0.328964
0.328983
0.329002
0.329016
0.329037
0.329051
0.329071
0.329087
0.329106
0.329121
0.329141
0.329156
0.329175
0.329192
0.329210
0.329227
0.329245
0.329262
0.329280
0.329297
0.329316
0.329332
0.329350
0.329368
0.329386
0.329405
0.329420
0.329439
0.329456
0.329474
0.329494
0.329507
0.329528
0.329543
0.329563
0.329578
0.329598
0.329616
0.329630
0.329651
0.329666
0.329685
0.329704
0.329717
0.329739
0.329754
0.329774
0.329791
0.329804
0.329825
0.329841
0.329860
0.329875
0.329895
0.329909
0.329929
0.329947
0.329959
0.329982
0.329998
0.330010
0.330031
0.330046
0.330067
0.330080
0.330100
0.330116
0.330128
0.330150
0.330164
0.330184
0.330196
0.330217
0.330233
0.330244
0.330266
0.330280
0.330299
0.330314
0.330326
0.330347
0.330360
0.330379
0.330392
0.330412
0.330424
0.330443
0.330455
0.330475
0.330489
0.330504
0.330519
0.330535
0.330550
0.330562
0.330581
0.330598
0.330608
0.330627
0.330639
0.330658
0.330669
0.330687
0.330698
0.330717
0.330727
0.330745
0.330756
0.330774
0.330787
0.330800
0.330814
0.330828
0.330842
0.330852
0.330872
0.330885
0.330893
0.330910
0.330925
0.330939
0.330946
0.330963
0.330979
0.330986
0.331003
0.331013
0.331029
0.331038
0.331054
0.331061
0.331079
0.331086
0.331103
0.331115
0.331121
0.331139
0.331146
0.331162
0.331169
0.331185
0.331192
0.331208
0.331214
0.331229
0.331240
0.331249
0.331260
0.331270
0.331278
0.331292
0.331298
0.331313
0.331319
0.331334
0.331338
0.331353
0.331363
0.331366
0.331381
0.331386
0.331400
0.331408
0.331416
0.331424
0.331433
0.331442
0.331450
0.331458
0.331462
0.331477
0.331481
0.331490
0.331502
0.331508
0.331514
0.331521
0.331529
0.331536
0.331543
0.331550
0.331557
0.331564
0.331566
0.331576
0.331586
0.331591
0.331596
0.331602
0.331607
0.331614
0.331619
0.331620
0.331630
0.331634
0.331644
0.331648
0.331651
0.331655
0.331660
0.331665
0.331666
0.331675
0.331680
0.331679
0.331688
0.331692
0.331691
0.331699
0.331702
0.331705
0.331708
0.331708
0.331715
0.331718
0.331720
0.331723
0.331722
0.331729
0.331731
0.331733
0.331734
0.331733
0.331739
0.331741
0.331742
0.331743
0.331741
0.331747
0.331748
0.331749
0.331749
0.331746
0.331751
0.331752
0.331752
0.331752
0.331749
0.331753
0.331753
0.331752
0.331751
0.331748
0.331752
0.331751
0.331750
0.331749
0.331745
0.331748
0.331746
0.331745
0.331743
0.331738
0.331740
0.331739
0.331737
0.331734
0.331729
0.331730
0.331728
0.331726
0.331723
0.331717
0.331718
0.331715
0.331712
0.331708
0.331702
0.331703
0.331699
0.331695
0.331691
0.331686
0.331683
0.331680
0.331675
0.331671
0.331667
0.331662
0.331659
0.331654
0.331648
0.331644
0.331639
0.331633
0.331629
0.331624
0.331618
0.331613
0.331607
0.331601
0.331596
0.331590
0.331583
0.331578
0.331572
0.331565
0.331559
0.331553
0.331546
0.331540
0.331533
0.331525
0.331519
0.331512
0.331504
0.331498
0.331490
0.331482
0.331475
0.331468
0.331459
0.331452
0.331444
0.331435
0.331428
0.331420
0.331411
0.331403
0.331394
0.331385
0.331377
0.331368
0.331359
0.331351
0.331341
0.331332
0.331324
0.331314
0.331304
0.331295
0.331285
0.331275
0.331266
0.331256
0.331246
0.331237
0.331226
0.331215
0.331206
0.331195
0.331184
0.331175
0.331164
0.331153
0.331143
0.331131
0.331120
0.331110
0.331098
0.331087
0.331076
0.331065
0.331053
0.331042
0.331030
0.331018
0.331007
0.330995
0.330983
0.330972
0.330959
0.330946
0.330935
0.330923
0.330910
0.330898
0.330886
0.330873
0.330860
0.330844
0.330836
0.330823
0.330810
0.330796
0.330782
0.330770
0.330757
0.330744
0.330730
0.330714
0.330705
0.330691
0.330678
0.330663
0.330649
0.330635
0.330622
0.330607
0.330592
0.330580
0.330565
0.330552
0.330538
0.330523
0.330509
0.330494
0.330481
0.330465
0.330450
0.330436
0.330419
0.330409
0.330393
0.330378
0.330362
0.330347
0.330332
0.330317
0.330302
0.330287
0.330271
0.330257
0.330241
0.330226
0.330210
0.330195
0.330179
0.330164
0.330148
0.330133
0.330116
0.330100
0.330085
0.330069
0.330053
0.330037
0.330022
0.330005
0.329988
0.329973
0.329956
0.329941
0.329924
0.329908
0.329891
0.329876
0.329859
0.329842
0.329826
0.329809
0.329792
0.329776
0.329760
0.329742
0.329725
0.329709
0.329692
0.329675
0.329659
0.329642
0.329625
0.329608
0.329591
0.329574
0.329557
0.329539
0.329522
0.329505
0.329488
0.329471
0.329453
0.329436
0.329419
0.329401
0.329384
0.329366
0.329349
0.329331
0.329314
0.329296
0.329279
0.329261
0.329244
0.329226
0.329208
0.329190
0.329173
0.329155
0.329138
0.329120
0.329101
0.329083
0.329065
0.329048
0.329031
0.329013
0.328995
0.328977
0.328959
0.328941
0.328922
0.328906
0.328886
0.328869
0.328851
0.328832
0.328816
0.328797
0.328779
0.328761
0.328743
0.328725
0.328706
0.328689
0.328670
0.328652
0.328634
0.328616
0.328598
0.328579
0.328562
0.328543
0.328526
0.328506
0.328490
0.328471
0.328453
0.328435
0.328416
0.328398
0.328380
0.328361
0.328344
0.328325
0.328307
0.328289
0.328271
0.328253
0.328235
0.328216
0.328199
0.328180
0.328162
0.328144
0.328125
0.328108
0.328089
0.328071
0.328053
0.328035
0.328017
0.327999
0.327981
0.327963
0.327944
0.327927
0.327908
0.327891
0.327873
0.327854
0.327837
0.327818
0.327800
0.327782
0.327764
0.327747
0.327728
0.327711
0.327693
0.327675
0.327657
0.327640
0.327621
0.327603
0.327587
0.327568
0.327551
0.327533
0.327515
0.327498
0.327480
0.327463
0.327444
0.327427
0.327410
0.327392
0.327374
0.327357
0.327339
0.327322
0.327305
0.327287
0.327270
0.327253
0.327235
0.327218
0.327201
0.327183
0.327166
0.327149
0.327132
0.327115
0.327097
0.327081
0.327064
0.327046
0.327030
0.327013
0.326996
0.326979
0.326962
0.326945
0.326929
0.326911
0.326895
0.326878
0.326861
0.326846
0.326829
0.326812
0.326796
0.326779
0.326763
0.326747
0.326730
0.326714
0.326697
0.326681
0.326666
0.326650
0.326633
0.326617
0.326601
0.326585
0.326569
0.326553
0.326537
0.326522
0.326506
0.326490
0.326475
0.326459
0.326443
0.326428
0.326412
0.326397
0.326381
0.326366
0.326351
0.326335
0.326320
0.326305
0.326290
0.326275
0.326260
0.326245
0.326230
0.326215
0.326200
0.326186
0.326171
0.326157
0.326141
0.326127
0.326112
0.326098
0.326083
0.326069
0.326055
0.326041
0.326026
0.326012
0.325998
0.325984
0.325970
0.325956
0.325942
0.325928
0.325915
0.325900
0.325886
0.325874
0.325860
0.325847
0.325832
0.325819
0.325806
0.325792
0.325782
0.325767
0.325754
0.325741
0.325728
0.325714
0.325701
0.325689
0.325676
0.325663
0.325651
0.325638
0.325625
0.325614
0.325601
0.325588
0.325576
0.325564
0.325552
0.325540
0.325527
0.325516
0.325504
0.325492
0.325479
0.325469
0.325457
0.325445
0.325433
0.325422
0.325411
0.325400
0.325388
0.325377
0.325365
0.325354
0.325344
0.325332
0.325321
0.325311
0.325300
0.325289
0.325279
0.325268
0.325257
0.325247
0.325236
0.325226
0.325216
0.325206
0.325196
0.325186
0.325175
0.325165
0.325155
0.325146
0.325136
0.325125
0.325117
0.325107
0.325096
0.325089
0.325079
0.325069
0.325060
0.325051
0.325042
0.325033
0.325024
0.325015
0.325006
0.324997
0.324989
0.324980
0.324971
0.324963
0.324954
0.324946
0.324938
0.324929
0.324922
0.324912
0.324905
0.324897
0.324889
0.324882
0.324874
0.324866
0.324858
0.324850
0.324843
0.324836
0.324828
0.324821
0.324814
0.324806
0.324800
0.324793
0.324785
0.324778
0.324772
0.324765
0.324758
0.324752
0.324745
0.324738
0.324732
0.324726
0.324719
0.324713
0.324707
0.324701
0.324695
0.324688
0.324683
0.324677
0.324671
0.324665
0.324660
0.324654
0.324649
0.324643
0.324638
0.324633
0.324628
0.324623
0.324617
0.324612
0.324607
0.324602
0.324597
0.324593
0.324588
0.324583
0.324579
0.324574
0.324569
0.324566
0.324561
0.324557
0.324552
0.324548
0.324545
0.324540
0.324536
0.324533
0.324529
0.324525
0.324521
0.324518
0.324514
0.324511
0.324508
0.324504
0.324501
0.324498
0.324494
0.324491
0.324488
0.324485
0.324482
0.324480
0.324477
0.324474
0.324471
0.324469
0.324466
0.324463
0.324461
0.324459
0.324457
0.324454
0.324452
0.324450
0.324448
0.324446
0.324444
0.324443
0.324440
0.324439
0.324438
0.324435
0.324434
0.324433
0.324432
0.324430
0.324428
0.324427
0.324426
0.324425
0.324424
0.324423
0.324422
0.324421
0.324420
0.324419
0.324419
0.324418
0.324417
0.324417
0.324417
0.324416
0.324416
0.324415
0.324415
0.324415
0.324415
0.324415
0.324415
0.324414
0.324415
0.324415
0.324415
0.324415
0.324415
0.324415
0.324416
0.324416
0.324417
0.324417
0.324418
0.324418
0.324419
0.324420
0.324421
0.324421
0.324422
0.324423
0.324424
0.324425
0.324426
0.324427
0.324429
0.324430
0.324431
0.324432
0.324434
0.324435
0.324437
0.324438
0.324440
0.324441
0.324443
0.324444
0.324446
0.324448
0.324450
0.324452
0.324453
0.324455
0.324457
0.324459
0.324461
0.324463
0.324466
0.324468
0.324470
0.324472
0.324475
0.324477
0.324479
0.324482
0.324484
0.324487
0.324489
0.324492
0.324494
0.324497
0.324500
0.324502
0.324505
0.324508
0.324511
0.324513
0.324516
0.324519
0.324522
0.324525
0.324528
0.324531
0.324534
0.324537
0.324541
0.324544
0.324547
0.324550
0.324554
0.324557
0.324560
0.324564
0.324567
0.324570
0.324574
0.324577
0.324581
0.324584
0.324588
0.324591
0.324594
0.324598
0.324602
0.324605
0.324609
0.324613
0.324617
0.324621
0.324624
0.324628
0.324632
0.324636
0.324640
0.324644
0.324648
0.324652
0.324656
0.324660
0.324664
0.324668
0.324672
0.324676
0.324681
0.324685
0.324689
0.324693
0.324697
0.324702
0.324706
0.324710
0.324714
0.324719
0.324723
0.324728
0.324732
0.324736
0.324741
0.324745
0.324749
0.324754
0.324759
0.324763
0.324767
0.324772
0.324776
0.324781
0.324785
0.324790
0.324795
0.324799
0.324804
0.324808
0.324813
0.324818
0.324822
0.324827
0.324832
0.324836
0.324841
0.324846
0.324850
0.324855
0.324860
0.324865
0.324869
0.324874
0.324879
0.324883
0.324888
0.324893
0.324898
0.324903
0.324907
0.324912
0.324917
0.324922
0.324926
0.324931
0.324936
0.324941
0.324946
0.324951
0.324955
0.324960
0.324965
0.324970
0.324974
0.324979
0.324984
0.324989
0.324994
0.324999
0.325004
0.325008
0.325013
0.325018
0.325023
0.325028
0.325033
0.325037
0.325042
0.325047
0.325052
0.325057
0.325061
0.325066
0.325071
0.325076
0.325080
0.325085
0.325090
0.325095
0.325100
0.325104
0.325109
0.325114
0.325119
0.325123
0.325128
0.325133
0.325138
0.325142
0.325147
0.325152
0.325156
0.325161
0.325166
0.325170
0.325175
0.325180
0.325185
0.325189
0.325194
0.325198
0.325203
0.325207
0.325212
0.325216
0.325221
0.325226
0.325230
0.325235
0.325239
0.325244
0.325248
0.325253
0.325257
0.325261
0.325266
0.325270
0.325275
0.325279
0.325284
0.325288
0.325292
0.325297
0.325301
0.325305
0.325310
0.325314
0.325318
0.325322
0.325327
0.325331
0.325335
0.325339
0.325343
0.325347
0.325352
0.325356
0.325360
0.325364
0.325368
0.325372
0.325376
0.325380
0.325384
0.325388
0.325392
0.325396
0.325400
0.325404
0.325408
0.325412
0.325415
0.325419
0.325423
0.325427
0.325431
0.325435
0.325438
0.325442
0.325446
0.325449
0.325453
0.325457
0.325460
0.325464
0.325467
0.325471
0.325474
0.325478
0.325482
0.325485
0.325488
0.325492
0.325495
0.325499
0.325502
0.325505
0.325509
0.325512
0.325515
0.325518
0.325522
0.325525
0.325528
0.325531
0.325534
0.325538
0.325540
0.325544
0.325547
0.325550
0.325553
0.325556
0.325559
0.325562
0.325565
0.325567
0.325570
0.325573
0.325576
0.325579
0.325581
0.325584
0.325587
0.325590
0.325592
0.325595
0.325598
0.325600
0.325603
0.325605
0.325608
0.325611
0.325613
0.325616
0.325618
0.325620
0.325622
0.325625
0.325627
0.325630
0.325632
0.325634
0.325637
0.325638
0.325641
0.325643
0.325645
0.325647
0.325649
0.325651
0.325653
0.325656
0.325657
0.325659
0.325661
0.325663
0.325665
0.325667
0.325669
0.325671
0.325672
0.325674
0.325676
0.325678
0.325679
0.325681
0.325682
0.325684
0.325686
0.325687
0.325689
0.325690
0.325692
0.325693
0.325695
0.325696
0.325698
0.325699
0.325700
0.325702
0.325703
0.325704
0.325705
0.325706
0.325707
0.325709
0.325710
0.325711
0.325712
0.325713
0.325714
0.325715
0.325716
0.325717
0.325718
0.325719
0.325720
0.325721
0.325721
0.325722
0.325723
0.325724
0.325725
0.325725
0.325726
0.325727
0.325727
0.325728
0.325728
0.325729
0.325729
0.325730
0.325731
0.325731
0.325731
0.325732
0.325732
0.325732
0.325733
0.325733
0.325734
0.325734
0.325734
0.325734
0.325734
0.325735
0.325735
0.325735
0.325735
0.325735
0.325735
0.325735
0.325735
0.325735
0.325735
0.325735
0.325736
0.325735
0.325735
0.325735
0.325735
0.325735
0.325734
0.325734
0.325734
0.325733
0.325733
0.325733
0.325733
0.325732
0.325732
0.325732
0.325731
0.325731
0.325730
0.325730
0.325729
0.325728
0.325728
0.325727
0.325727
0.325726
0.325726
0.325725
0.325724
0.325723
0.325723
0.325722
0.325721
0.325720
0.325720
0.325719
0.325718
0.325717
0.325716
0.325715
0.325715
0.325714
0.325714
0.325710
0.325710
0.325711
0.325711
0.325706
0.325706
0.325705
0.325705
0.325703
0.325704
0.325699
0.325699
0.325700
0.325700
0.325694
0.325694
0.325695
0.325695
0.325689
0.325689
0.325690
0.325690
0.325684
0.325684
0.325684
0.325684
0.325679
0.325679
0.325678
0.325677
0.325677
0.325671
0.325671
0.325671
0.325671
0.325667
0.325667
0.325663
0.325663
0.325663
0.325656
0.325656
0.325657
0.325657
0.325651
0.325651
0.325651
0.325646
0.325646
0.325645
0.325645
0.325640
0.325639
0.325639
0.325633
0.325633
0.325632
0.325630
0.325630
0.325622
0.325622
0.325622
0.325621
0.325621
0.325612
0.325612
0.325612
0.325611
0.325611
0.325602
0.325602
0.325603
0.325602
0.325602
0.325593
0.325593
0.325593
0.325592
0.325592
0.325581
0.325581
0.325582
0.325581
0.325581
0.325572
0.325572
0.325572
0.325568
0.325568
0.325566
0.325566
0.325558
0.325557
0.325557
0.325552
0.325552
0.325550
0.325549
0.325549
0.325539
0.325540
0.325540
0.325535
0.325535
0.325533
0.325533
0.325525
0.325525
0.325525
0.325518
0.325518
0.325517
0.325516
0.325516
0.325506
0.325506
0.325506
0.325506
0.325506
0.325496
0.325496
0.325496
0.325492
0.325492
0.325490
0.325490
0.325480
0.325481
0.325481
0.325475
0.325475
0.325473
0.325471
0.325471
0.325462
0.325462
0.325461
0.325459
0.325459
0.325450
0.325450
0.325450
0.325448
0.325448
0.325438
0.325438
0.325438
0.325436
0.325436
0.325427
0.325427
0.325427
0.325422
0.325422
0.325420
0.325420
0.325411
0.325411
0.325411
0.325405
0.325405
0.325403
0.325402
0.325402
0.325392
0.325392
0.325391
0.325390
0.325390
0.325380
0.325381
0.325381
0.325376
0.325376
0.325374
0.325374
0.325366
0.325366
0.325366
0.325359
0.325359
0.325359
0.325352
0.325352
0.325352
0.325352
0.325342
0.325343
0.325343
0.325339
0.325339
0.325335
0.325334
0.325334
0.325326
0.325326
0.325324
0.325323
0.325323
0.325315
0.325315
0.325315
0.325310
0.325310
0.325308
0.325308
0.325301
0.325301
0.325301
0.325295
0.325295
0.325295
0.325289
0.325289
0.325288
0.325288
0.325280
0.325281
0.325281
0.325276
0.325276
0.325276
0.325269
0.325269
0.325269
0.325269
0.325261
0.325262
0.325262
0.325260
0.325260
0.325253
0.325253
0.325254
0.325252
0.325252
0.325244
0.325244
0.325243
0.325243
0.325243
0.325236
0.325236
0.325236
0.325232
0.325232
0.325230
0.325230
0.325225
0.325225
0.325225
0.325220
0.325220
0.325220
0.325215
0.325215
0.325214
0.325214
0.325208
0.325209
0.325209
0.325207
0.325207
0.325200
0.325200
0.325203
0.325200
0.325200
0.325194
0.325194
0.325194
0.325193
0.325193
0.325187
0.325188
0.325188
0.325185
0.325185
0.325183
0.325183
0.325179
0.325179
0.325179
0.325176
0.325176
0.325176
0.325172
0.325172
0.325172
0.325172
0.325169
0.325169
0.325169
0.325165
0.325165
0.325165
0.325162
0.325162
0.325162
0.325162
0.325158
0.325158
0.325158
0.325158
0.325158
0.325153
0.325153
0.325155
0.325154
0.325154
0.325150
0.325150
0.325150
0.325149
0.325149
0.325148
0.325148
0.325146
0.325146
0.325146
0.325144
0.325144
0.325143
0.325143
0.325143
0.325141
0.325141
0.325141
0.325140
0.325140
0.325140
0.325140
0.325138
0.325138
0.325138
0.325139
0.325139
0.325136
0.325137
0.325137
0.325137
0.325137
0.325136
0.325136
0.325135
0.325135
0.325135
0.325136
0.325136
0.325134
0.325135
0.325135
0.325136
0.325136
0.325134
0.325135
0.325135
0.325135
0.325135
0.325135
0.325135
0.325135
0.325135
0.325136
0.325135
0.325136
0.325136
0.325136
0.325137
0.325137
0.325137
0.325137
0.325138
0.325138
0.325138
0.325139
0.325139
0.325139
0.325140
0.325140
0.325141
0.325141
0.325141
0.325143
0.325143
0.325143
0.325143
0.325145
0.325145
0.325145
0.325147
0.325147
0.325148
0.325148
0.325148
0.325151
0.325151
0.325151
0.325152
0.325152
0.325155
0.325155
0.325155
0.325156
0.325156
0.325158
0.325158
0.325158
0.325160
0.325160
0.325163
0.325163
0.325163
0.325163
0.325163
0.325165
0.325165
0.325171
0.325171
0.325171
0.325171
0.325171
0.325174
0.325174
0.325174
0.325179
0.325179
0.325179
0.325179
0.325184
0.325184
0.325184
0.325185
0.325185
0.325191
0.325191
0.325192
0.325193
0.325193
0.325197
0.325197
0.325197
0.325201
0.325201
0.325203
0.325203
0.325209
0.325208
0.325208
0.325212
0.325212
0.325215
0.325215
0.325215
0.325221
0.325221
0.325223
0.325223
0.325227
0.325228
0.325228
0.325233
0.325233
0.325233
0.325238
0.325238
0.325239
0.325239
0.325247
0.325247
0.325247
0.325251
0.325251
0.325254
0.325255
0.325255
0.325261
0.325261
0.325264
0.325265
0.325265
0.325272
0.325272
0.325274
0.325275
0.325275
0.325282
0.325282
0.325285
0.325286
0.325286
0.325292
0.325292
0.325296
0.325297
0.325297
0.325303
0.325304
0.325304
0.325311
0.325311
0.325312
0.325312
0.325322
0.325321
0.325321
0.325323
0.325323
0.325332
0.325332
0.325332
0.325337
0.325337
0.325342
0.325343
0.325343
0.325351
0.325351
0.325353
0.325353
0.325363
0.325363
0.325363
0.325365
0.325365
0.325374
0.325374
0.325374
0.325380
0.325380
0.325385
0.325386
0.325386
0.325394
0.325394
0.325398
0.325399
0.325399
0.325408
0.325408
0.325409
0.325409
0.325420
0.325420
0.325420
0.325423
0.325423
0.325431
0.325432
0.325432
0.325439
0.325439
0.325445
0.325446
0.325446
0.325454
0.325454
0.325458
0.325458
0.325463
0.325465
0.325465
0.325474
0.325474
0.325475
0.325477
0.325477
0.325485
0.325486
0.325486
0.325493
0.325493
0.325495
0.325495
0.325509
0.325509
0.325509
0.325511
0.325511
0.325519
0.325520
0.325520
0.325529
0.325529
0.325531
0.325531
0.325544
0.325544
0.325544
0.325546
0.325546
0.325555
0.325556
0.325556
0.325563
0.325563
0.325570
0.325570
0.325575
0.325577
0.325577
0.325586
0.325586
0.325590
0.325592
0.325592
0.325601
0.325601
0.325605
0.325607
0.325607
0.325615
0.325617
0.325617
0.325626
0.325626
0.325628
0.325628
0.325640
0.325640
0.325640
0.325644
0.325644
0.325651
0.325652
0.325652
0.325664
0.325664
0.325665
0.325665
0.325676
0.325677
0.325677
0.325681
0.325681
0.325689
0.325690
0.325690
0.325700
0.325700
0.325702
0.325702
0.325714
0.325714
0.325714
0.325717
0.325717
0.325727
0.325727
0.325727
0.325735
0.325735
0.325738
0.325738
0.325752
0.325752
0.325752
0.325754
0.325754
0.325763
0.325764
0.325764
0.325771
0.325771
0.325775
0.325775
0.325789
0.325788
0.325788
0.325790
0.325790
0.325800
0.325800
0.325800
0.325808
0.325808
0.325811
0.325811
0.325824
0.325824
0.325824
0.325826
0.325826
0.325836
0.325836
0.325836
0.325844
0.325844
0.325847
0.325847
0.325860
0.325860
0.325860
0.325862
0.325862
0.325872
0.325872
0.325872
0.325879
0.325879
0.325882
0.325882
0.325894
0.325894
0.325894
0.325897
0.325897
0.325907
0.325907
0.325907
0.325913
0.325913
0.325917
0.325917
0.325929
0.325929
0.325929
0.325932
0.325932
0.325941
0.325941
0.325941
0.325947
0.325947
0.325950
0.325950
0.325963
0.325963
0.325963
0.325964
0.325964
0.325974
0.325974
0.325974
0.325980
0.325980
0.325983
0.325983
0.325996
0.325996
0.325996
0.325997
0.325997
0.326006
0.326006
0.326006
0.326012
0.326012
0.326015
0.326015
0.326027
0.326027
0.326027
0.326028
0.326028
0.326037
0.326037
0.326037
0.326042
0.326042
0.326046
0.326046
0.326057
0.326057
0.326057
0.326058
0.326058
0.326067
0.326067
0.326067
0.326072
0.326072
0.326075
0.326075
0.326086
0.326086
0.326086
0.326087
0.326087
0.326095
0.326096
0.326096
0.326100
0.326100
0.326104
0.326104
0.326114
0.326114
0.326114
0.326115
0.326115
0.326122
0.326123
0.326123
0.326128
0.326128
0.326131
0.326131
0.326141
0.326141
0.326141
0.326141
0.326141
0.326149
0.326149
0.326149
0.326153
0.326153
0.326156
0.326156
0.326166
0.326166
0.326166
0.326167
0.326167
0.326173
0.326173
0.326175
0.326176
0.326176
0.326184
0.326184
0.326185
0.326186
0.326186
0.326194
0.326194
0.326194
0.326194
0.326200
0.326201
0.326201
0.326206
0.326206
0.326207
0.326207
0.326215
0.326215
0.326215
0.326217
0.326217
0.326222
0.326222
0.326224
0.326225
0.326225
0.326232
0.326232
0.326232
0.326233
0.326233
0.326240
0.326240
0.326240
0.326240
0.326245
0.326245
0.326248
0.326249
0.326249
0.326253
0.326253
0.326256
0.326257
0.326257
0.326261
0.326261
0.326262
0.326263
0.326263
0.326269
0.326269
0.326270
0.326270
0.326274
0.326274
0.326274
0.326278
0.326278
0.326279
0.326279
0.326285
0.326285
0.326285
0.326286
0.326286
0.326290
0.326290
0.326291
0.326292
0.326292
0.326297
0.326297
0.326298
0.326299
0.326299
0.326303
0.326303
0.326304
0.326304
0.326307
0.326307
0.326309
0.326310
0.326310
0.326313
0.326313
0.326314
0.326315
0.326315
0.326319
0.326319
0.326319
0.326319
0.326322
0.326323
0.326323
0.326325
0.326325
0.326326
0.326326
0.326330
0.326331
0.326331
0.326331
0.326331
0.326334
0.326334
0.326334
0.326336
0.326336
0.326337
0.326337
0.326342
0.326342
0.326342
0.326343
0.326343
0.326344
0.326345
0.326345
0.326348
0.326348
0.326349
0.326349
0.326351
0.326352
0.326352
0.326352
0.326352
0.326354
0.326354
0.326356
0.326356
0.326356
0.326357
0.326357
0.326358
0.326358
0.326360
0.326361
0.326361
0.326362
0.326362
0.326362
0.326362
0.326365
0.326365
0.326365
0.326365
0.326365
0.326366
0.326366
0.326368
0.326368
0.326368
0.326368
0.326368
0.326370
0.326370
0.326371
0.326371
0.326371
0.326372
0.326372
0.326373
0.326373
0.326373
0.326374
0.326374
0.326374
0.326374
0.326375
0.326376
0.326376
0.326376
0.326376
0.326377
0.326377
0.326378
0.326378
0.326378
0.326378
0.326378
0.326379
0.326379
0.326380
0.326380
0.326380
0.326380
0.326380
0.326380
0.326380
0.326381
0.326381
0.326381
0.326382
0.326382
0.326382
0.326382
0.326382
0.326382
0.326382
0.326382
0.326382
0.326382
0.326383
0.326383
0.326383
0.326383
0.326383
0.326383
0.326383
0.326383
0.326383
0.326383
0.326383
0.326383
0.326383
0.326384
0.326384
0.326384
0.326384
0.326384
0.326384
0.326384
0.326384
0.326384
0.326383
0.326384
0.326384
0.326384
0.326384
0.326383
0.326383
0.326383
0.326383
0.326383
0.326383
0.326383
0.326383
0.326383
0.326383
0.326383
0.326383
0.326382
0.326382
0.326383
0.326383
0.326383
0.326381
0.326381
0.326382
0.326382
0.326381
0.326381
0.326381
0.326381
0.326381
0.326381
0.326381
0.326380
0.326380
0.326380
0.326380
0.326380
0.326379
0.326379
0.326379
0.326379
0.326379
0.326378
0.326378
0.326378
0.326378
0.326378
0.326377
0.326377
0.326377
0.326377
0.326376
0.326376
0.326376
0.326376
0.326376
0.326375
0.326375
0.326375
0.326375
0.326374
0.326374
0.326374
0.326374
0.326374
0.326372
0.326372
0.326372
0.326373
0.326373
0.326371
0.326371
0.326371
0.326371
0.326371
0.326369
0.326369
0.326369
0.326369
0.326369
0.326369
0.326368
0.326368
0.326368
0.326366
0.326366
0.326366
0.326366
0.326366
0.326365
0.326365
0.326365
0.326365
0.326364
0.326364
0.326364
0.326363
0.326363
0.326362
0.326362
0.326362
0.326362
0.326360
0.326360
0.326360
0.326360
0.326360
0.326359
0.326359
0.326359
0.326359
0.326359
0.326357
0.326357
0.326357
0.326357
0.326356
0.326356
0.326356
0.326355
0.326355
0.326353
0.326353
0.326354
0.326354
0.326354
0.326352
0.326352
0.326352
0.326352
0.326351
0.326351
0.326351
0.326350
0.326350
0.326349
0.326349
0.326349
0.326349
0.326348
0.326348
0.326348
0.326347
0.326347
0.326345
0.326345
0.326345
0.326345
0.326345
0.326344
0.326344
0.326344
0.326344
0.326343
0.326343
0.326342
0.326342
0.326342
0.326340
0.326340
0.326340
0.326340
0.326339
0.326339
0.326339
0.326339
0.326339
0.326337
0.326337
0.326337
0.326337
0.326337
0.326337
0.326337
0.326335
0.326335
0.326333
0.326333
0.326334
0.326334
0.326334
0.326333
0.326333
0.326333
0.326333
0.326332
0.326331
0.326331
0.326331
0.326331
0.326329
0.326329
0.326329
0.326329
0.326329
0.326328
0.326328
0.326328
0.326328
0.326327
0.326327
0.326327
0.326327
0.326327
0.326325
0.326325
0.326325
0.326325
0.326325
0.326324
0.326324
0.326324
0.326324
0.326323
0.326323
0.326323
0.326323
0.326323
0.326322
0.326322
0.326322
0.326322
0.326321
0.326321
0.326321
0.326320
0.326320
0.326319
0.326319
0.326319
0.326319
0.326319
0.326319
0.326319
0.326318
0.326318
0.326317
0.326317
0.326317
0.326317
0.326317
0.326317
0.326317
0.326317
0.326317
0.326316
0.326316
0.326316
0.326316
0.326316
0.326314
0.326314
0.326315
0.326315
0.326315
0.326314
0.326314
0.326314
0.326314
0.326314
0.326314
0.326314
0.326314
0.326314
0.326313
0.326313
0.326313
0.326313
0.326312
0.326312
0.326312
0.326312
0.326312
0.326312
0.326312
0.326312
0.326312
0.326312
0.326312
0.326312
0.326311
0.326311
0.326311
0.326311
0.326311
0.326311
0.326311
0.326311
0.326311
0.326311
0.326311
0.326311
0.326311
0.326311
0.326311
0.326311
0.326311
0.326311
0.326310
0.326310
0.326310
0.326311
0.326311
0.326310
0.326310
0.326310
0.326310
0.326310
0.326311
0.326311
0.326311
0.326311
0.326311
0.326311
0.326310
0.326310
0.326310
0.326311
0.326311
0.326311
0.326311
0.326311
0.326311
0.326311
0.326311
0.326311
0.326311
0.326311
0.326311
0.326311
0.326311
0.326312
0.326312
0.326312
0.326312
0.326312
0.326312
0.326312
0.326312
0.326312
0.326312
0.326312
0.326313
0.326313
0.326313
0.326314
0.326314
0.326314
0.326314
0.326314
0.326314
0.326314
0.326314
0.326314
0.326315
0.326315
0.326315
0.326315
0.326316
0.326316
0.326316
0.326316
0.326316
0.326316
0.326316
0.326317
0.326317
0.326317
0.326317
0.326317
0.326318
0.326318
0.326318
0.326318
0.326319
0.326319
0.326319
0.326319
0.326319
0.326321
0.326321
0.326320
0.326320
0.326321
0.326321
0.326321
0.326322
0.326322
0.326323
0.326323
0.326323
0.326323
0.326324
0.326324
0.326324
0.326324
0.326324
0.326326
0.326326
0.326326
0.326326
0.326327
0.326327
0.326327
0.326327
0.326327
0.326329
0.326329
0.326328
0.326328
0.326329
0.326330
0.326330
0.326330
0.326330
0.326331
0.326331
0.326332
0.326332
0.326333
0.326333
0.326333
0.326333
0.326333
0.326335
0.326335
0.326336
0.326336
0.326336
0.326336
0.326336
0.326337
0.326337
0.326339
0.326339
0.326339
0.326339
0.326339
0.326341
0.326341
0.326341
0.326341
0.326342
0.326342
0.326342
0.326343
0.326343
0.326344
0.326344
0.326345
0.326345
0.326347
0.326347
0.326347
0.326347
0.326347
0.326349
0.326349
0.326349
0.326349
0.326350
0.326350
0.326350
0.326351
0.326351
0.326353
0.326353
0.326353
0.326353
0.326355
0.326355
0.326355
0.326356
0.326356
0.326358
0.326358
0.326358
0.326358
0.326359
0.326359
0.326359
0.326359
0.326359
0.326362
0.326362
0.326363
0.326363
0.326364
0.326364
0.326364
0.326364
0.326364
0.326367
0.326367
0.326368
0.326368
0.326369
0.326369
0.326369
0.326369
0.326369
0.326371
0.326371
0.326372
0.326372
0.326373
0.326373
0.326375
0.326375
0.326375
0.326376
0.326376
0.326378
0.326378
0.326378
0.326378
0.326380
0.326380
0.326380
0.326380
0.326380
0.326382
0.326382
0.326383
0.326383
0.326385
0.326386
0.326386
0.326386
0.326386
0.326388
0.326388
0.326389
0.326389
0.326391
0.326391
0.326391
0.326391
0.326391
0.326392
0.326392
0.326394
0.326394
0.326395
0.326395
0.326395
0.326396
0.326396
0.326399
0.326399
0.326400
0.326400
0.326401
0.326402
0.326402
0.326402
0.326402
0.326404
0.326404
0.326405
0.326405
0.326406
0.326406
0.326406
0.326406
0.326406
0.326408
0.326408
0.326410
0.326410
0.326412
0.326412
0.326412
0.326412
0.326412
0.326414
0.326414
0.326416
0.326416
0.326417
0.326417
0.326417
0.326417
0.326417
0.326420
0.326420
0.326421
0.326421
0.326422
0.326422
0.326422
0.326423
0.326423
0.326425
0.326425
0.326426
0.326426
0.326428
0.326428
0.326428
0.326428
0.326428
0.326430
0.326430
0.326432
0.326432
0.326432
0.326433
0.326433
0.326434
0.326434
0.326436
0.326436
0.326437
0.326437
0.326437
0.326438
0.326438
0.326439
0.326439
0.326441
0.326441
0.326442
0.326443
0.326443
0.326443
0.326443
0.326445
0.326445
0.326446
0.326446
0.326447
0.326447
0.326447
0.326448
0.326448
0.326450
0.326450
0.326451
0.326451
0.326452
0.326453
0.326453
0.326454
0.326454
0.326455
0.326455
0.326456
0.326456
0.326456
0.326457
0.326457
0.326458
0.326458
0.326460
0.326460
0.326461
0.326461
0.326461
0.326462
0.326462
0.326464
0.326464
0.326465
0.326465
0.326465
0.326466
0.326466
0.326467
0.326467
0.326468
0.326468
0.326469
0.326470
0.326470
0.326470
0.326470
0.326472
0.326472
0.326473
0.326473
0.326474
0.326474
0.326474
0.326475
0.326475
0.326476
0.326476
0.326477
0.326477
0.326478
0.326479
0.326479
0.326480
0.326480
0.326481
0.326481
0.326482
0.326482
0.326482
0.326483
0.326483
0.326484
0.326484
0.326485
0.326485
0.326486
0.326486
0.326486
0.326487
0.326487
0.326488
0.326488
0.326490
0.326490
0.326490
0.326490
0.326490
0.326491
0.326491
0.326491
0.326491
0.326492
0.326493
0.326493
0.326494
0.326494
0.326495
0.326495
0.326496
0.326496
0.326496
0.326497
0.326497
0.326497
0.326497
0.326498
0.326498
0.326499
0.326500
0.326500
0.326500
0.326500
0.326501
0.326501
0.326502
0.326502
0.326502
0.326503
0.326503
0.326504
0.326504
0.326504
0.326504
0.326505
0.326506
0.326506
0.326506
0.326506
0.326507
0.326507
0.326507
0.326508
0.326508
0.326508
0.326508
0.326509
0.326509
0.326510
0.326510
0.326510
0.326510
0.326510
0.326512
0.326512
0.326512
0.326512
0.326513
0.326513
0.326513
0.326513
0.326513
0.326514
0.326514
0.326514
0.326514
0.326515
0.326515
0.326515
0.326516
0.326516
0.326517
0.326517
0.326517
0.326517
0.326517
0.326517
0.326517
0.326518
0.326518
0.326518
0.326518
0.326519
0.326519
0.326519
0.326520
0.326520
0.326520
0.326520
0.326521
0.326521
0.326521
0.326521
0.326521
0.326522
0.326522
0.326522
0.326522
0.326522
0.326523
0.326523
0.326523
0.326523
0.326524
0.326524
0.326524
0.326524
0.326524
0.326524
0.326524
0.326525
0.326525
0.326525
0.326525
0.326525
0.326525
0.326525
0.326526
0.326526
0.326526
0.326526
0.326526
0.326527
0.326527
0.326527
0.326527
0.326528
0.326528
0.326528
0.326528
0.326528
0.326528
0.326528
0.326528
0.326528
0.326528
0.326528
0.326528
0.326529
0.326529
0.326529
0.326529
0.326529
0.326529
0.326529
0.326530
0.326530
0.326529
0.326529
0.326530
0.326530
0.326530
0.326530
0.326530
0.326530
0.326530
0.326530
0.326530
0.326530
0.326531
0.326531
0.326530
0.326530
0.326530
0.326530
0.326530
0.326531
0.326531
0.326531
0.326531
0.326531
0.326531
0.326531
0.326531
0.326531
0.326531
0.326531
0.326531
0.326531
0.326531
0.326531
0.326531
0.326532
0.326532
0.326531
0.326531
0.326531
0.326531
0.326531
0.326531
0.326531
0.326531
0.326531
0.326531
0.326532
0.326532
0.326531
0.326531
0.326530
0.326531
0.326531
0.326531
0.326531
0.326531
0.326531
0.326530
0.326530
0.326530
0.326531
0.326531
0.326530
0.326530
0.326530
0.326530
0.326530
0.326530
0.326530
0.326531
0.326531
0.326530
0.326530
0.326530
0.326530
0.326530
0.326530
0.326529
0.326529
0.326530
0.326530
0.326529
0.326529
0.326529
0.326529
0.326529
0.326529
0.326529
0.326529
0.326529
0.326529
0.326528
0.326528
0.326528
0.326528
0.326528
0.326528
0.326528
0.326527
0.326527
0.326528
0.326528
0.326527
0.326527
0.326527
0.326527
0.326527
0.326527
0.326527
0.326526
0.326526
0.326527
0.326526
0.326526
0.326526
0.326526
0.326525
0.326525
0.326525
0.326525
0.326525
0.326525
0.326525
0.326524
0.326524
0.326524
0.326524
0.326524
0.326524
0.326524
0.326523
0.326523
0.326523
0.326523
0.326523
0.326523
0.326523
0.326522
0.326522
0.326522
0.326522
0.326522
0.326521
0.326521
0.326521
0.326521
0.326521
0.326521
0.326521
0.326520
0.326520
0.326520
0.326520
0.326520
0.326520
0.326520
0.326519
0.326519
0.326519
0.326518
0.326518
0.326518
0.326518
0.326517
0.326518
0.326518
0.326517
0.326517
0.326517
0.326517
0.326517
0.326517
0.326517
0.326516
0.326516
0.326516
0.326516
0.326515
0.326515
0.326515
0.326513
0.326513
0.326513
0.326513
0.326513
0.326513
0.326513
0.326513
0.326514
0.326514
0.326516
0.326516
0.326515
0.326513
0.326511
0.326510
0.326510
0.326510
0.326510
0.326510
0.326511
0.326511
0.326511
0.326511
0.326510
0.326511
0.326510
0.326510
0.326509
0.326508
0.326508
0.326508
0.326508
0.326508
0.326508
0.326507
0.326507
0.326508
0.326507
0.326507
0.326507
0.326507
0.326506
0.326506
0.326506
0.326505
0.326505
0.326505
0.326504
0.326505
0.326504
0.326505
0.326504
0.326504
0.326503
0.326503
0.326503
0.326503
0.326502
0.326503
0.326502
0.326502
0.326502
0.326502
0.326501
0.326501
0.326501
0.326501
0.326500
0.326500
0.326500
0.326500
0.326499
0.326500
0.326499
0.326499
0.326499
0.326499
0.326498
0.326498
0.326498
0.326498
0.326497
0.326497
0.326497
0.326497
0.326496
0.326497
0.326496
0.326496
0.326495
0.326496
0.326495
0.326495
0.326495
0.326495
0.326494
0.326494
0.326494
0.326494
0.326494
0.326493
0.326493
0.326493
0.326493
0.326493
0.326492
0.326492
0.326492
0.326492
0.326492
0.326492
0.326491
0.326491
0.326490
0.326491
0.326490
0.326490
0.326490
0.326490
0.326489
0.326490
0.326489
0.326489
0.326489
0.326488
0.326489
0.326488
0.326488
0.326487
0.326488
0.326487
0.326487
0.326487
0.326487
0.326487
0.326486
0.326486
0.326486
0.326485
0.326486
0.326486
0.326485
0.326485
0.326485
0.326484
0.326484
0.326484
0.326484
0.326483
0.326484
0.326484
0.326483
0.326483
0.326483
0.326483
0.326482
0.326483
0.326482
0.326482
0.326482
0.326481
0.326482
0.326481
0.326481
0.326481
0.326481
0.326481
0.326480
0.326480
0.326480
0.326480
0.326479
0.326480
0.326479
0.326480
0.326479
0.326479
0.326478
0.326479
0.326479
0.326478
0.326478
0.326478
0.326477
0.326478
0.326477
0.326478
0.326477
0.326477
0.326477
0.326477
0.326476
0.326476
0.326476
0.326476
0.326476
0.326476
0.326476
0.326476
0.326476
0.326475
0.326475
0.326475
0.326475
0.326475
0.326474
0.326475
0.326475
0.326474
0.326474
0.326474
0.326474
0.326473
0.326474
0.326473
0.326473
0.326473
0.326473
0.326473
0.326473
0.326473
0.326472
0.326472
0.326472
0.326472
0.326472
0.326472
0.326472
0.326472
0.326472
0.326471
0.326471
0.326471
0.326471
0.326471
0.326471
0.326471
0.326471
0.326470
0.326471
0.326470
0.326470
0.326470
0.326470
0.326470
0.326470
0.326470
0.326470
0.326470
0.326469
0.326469
0.326469
0.326469
0.326469
0.326469
0.326469
0.326469
0.326469
0.326469
0.326469
0.326468
0.326468
0.326468
0.326468
0.326468
0.326468
0.326468
0.326468
0.326468
0.326468
0.326467
0.326468
0.326468
0.326468
0.326468
0.326467
0.326468
0.326468
0.326467
0.326467
0.326467
0.326467
0.326467
0.326467
0.326467
0.326467
0.326467
0.326467
0.326467
0.326467
0.326466
0.326467
0.326466
0.326466
0.326466
0.326466
0.326466
0.326466
0.326466
0.326466
0.326466
0.326466
0.326466
0.326466
0.326466
0.326466
0.326466
0.326466
0.326466
0.326466
0.326466
0.326466
0.326466
0.326466
0.326465
0.326465
0.326466
0.326466
0.326466
0.326466
0.326465
0.326465
0.326466
0.326465
0.326465
0.326465
0.326465
0.326466
0.326466
0.326465
0.326463
0.326463
0.326464
0.326464
0.326464
0.326465
0.326465
0.326465
0.326466
0.326467
0.326475
0.326472
0.326468
0.326450
0.326453
0.326477
0.326475
0.326459
0.326459
0.326463
0.326464
0.326467
0.326473
0.326472
0.326469
0.326456
0.326458
0.326460
0.326462
0.326466
0.326472
0.326472
0.326472
0.326465
0.326466
0.326465
0.326465
0.326464
0.326464
0.326465
0.326467
0.326472
0.326470
0.326466
0.326457
0.326457
0.326469
0.326471
0.326468
0.326468
0.326467
0.326467
0.326466
0.326465
0.326466
0.326467
0.326466
0.326467
0.326467
0.326467
0.326467
0.326467
0.326465
0.326464
0.326464
0.326464
0.326464
0.326466
0.326466
0.326468
0.326483
0.326477
0.326469
0.326467
0.326460
0.326460
0.326463
0.326466
0.326469
0.326469
0.326472
0.326471
0.326469
0.326465
0.326462
0.326463
0.326464
0.326465
0.326482
0.326478
0.326472
0.326467
0.326455
0.326458
0.326461
0.326465
0.326475
0.326475
0.326476
0.326475
0.326470
0.326469
0.326466
0.326468
0.326468
0.326470
0.326475
0.326474
0.326472
0.326469
0.326465
0.326462
0.326463
0.326464
0.326474
0.326485
0.326482
0.326457
0.326459
0.326462
0.326467
0.326471
0.326495
0.326487
0.326477
0.326469
0.326459
0.326460
0.326471
0.326473
0.326474
0.326474
0.326472
0.326472
0.326471
0.326472
0.326473
0.326472
0.326460
0.326464
0.326470
0.326472
0.326493
0.326487
0.326462
0.326463
0.326472
0.326472
0.326474
0.326476
0.326478
0.326477
0.326476
0.326464
0.326467
0.326475
0.326476
0.326487
0.326483
0.326478
0.326473
0.326471
0.326470
0.326477
0.326476
0.326469
0.326469
0.326473
0.326474
0.326489
0.326485
0.326470
0.326470
0.326471
0.326473
0.326482
0.326482
0.326476
0.326475
0.326475
0.326475
0.326479
0.326478
0.326476
0.326476
0.326478
0.326477
0.326478
0.326477
0.326478
0.326477
0.326478
0.326478
0.326479
0.326478
0.326478
0.326478
0.326480
0.326479
0.326479
0.326478
0.326480
0.326479
0.326479
0.326479
0.326480
0.326480
0.326479
0.326479
0.326480
0.326480
0.326480
0.326480
0.326480
0.326481
0.326481
0.326481
0.326481
0.326481
0.326481
0.326481
0.326481
0.326481
0.326482
0.326482
0.326482
0.326482
0.326482
0.326482
0.326482
0.326483
0.326483
0.326483
0.326483
0.326482
0.326482
0.326483
0.326485
0.326484
0.326482
0.326483
0.326485
0.326484
0.326483
0.326484
0.326485
0.326484
0.326484
0.326483
0.326483
0.326484
0.326490
0.326489
0.326483
0.326481
0.326478
0.326479
0.326496
0.326493
0.326482
0.326482
0.326484
0.326485
0.326489
0.326489
0.326486
0.326486
0.326484
0.326484
0.326484
0.326486
0.326487
0.326497
0.326494
0.326477
0.326479
0.326486
0.326486
0.326487
0.326494
0.326498
0.326495
0.326483
0.326485
0.326489
0.326488
0.326488
0.326488
0.326490
0.326490
0.326488
0.326488
0.326488
0.326488
0.326494
0.326491
0.326491
0.326489
0.326488
0.326492
0.326491
0.326489
0.326488
0.326488
0.326493
0.326492
0.326491
0.326490
0.326490
0.326491
0.326492
0.326491
0.326492
0.326491
0.326491
0.326492
0.326491
0.326493
0.326493
0.326491
0.326491
0.326490
0.326490
0.326492
0.326494
0.326497
0.326492
0.326492
0.326492
0.326492
0.326498
0.326496
0.326492
0.326491
0.326493
0.326493
0.326493
0.326494
0.326495
0.326495
0.326493
0.326493
0.326492
0.326496
0.326495
0.326493
0.326494
0.326494
0.326494
0.326500
0.326496
0.326494
0.326491
0.326497
0.326494
0.326497
0.326496
0.326494
0.326498
0.326495
0.326494
0.326497
0.326496
0.326495
0.326495
0.326496
0.326497
0.326495
0.326495
0.326499
0.326497
0.326495
0.326495
0.326498
0.326496
0.326498
0.326495
0.326498
0.326496
0.326498
0.326497
0.326497
0.326496
0.326496
0.326503
0.326498
0.326496
0.326495
0.326495
0.326502
0.326497
0.326498
0.326497
0.326498
0.326498
0.326498
0.326497
0.326499
0.326499
0.326498
0.326497
0.326500
0.326497
0.326500
0.326498
0.326497
0.326497
0.326504
0.326500
0.326498
0.326496
0.326501
0.326500
0.326498
0.326499
0.326498
0.326498
0.326501
0.326500
0.326499
0.326499
0.326499
0.326499
0.326501
0.326500
0.326499
0.326501
0.326499
0.326499
0.326502
0.326500
0.326499
0.326500
0.326501
0.326499
0.326501
0.326501
0.326499
0.326501
0.326500
0.326500
0.326501
0.326501
0.326500
0.326501
0.326501
0.326500
0.326500
0.326501
0.326500
0.326502
0.326501
0.326501
0.326500
0.326500
0.326500
0.326503
0.326501
0.326501
0.326501
0.326501
0.326500
0.326501
0.326502
0.326500
0.326503
0.326501
0.326500
0.326503
0.326501
0.326501
0.326502
0.326501
0.326500
0.326503
0.326501
0.326501
0.326502
0.326501
0.326500
0.326502
0.326502
0.326500
0.326503
0.326501
0.326500
0.326504
0.326501
0.326500
0.326502
0.326502
0.326502
0.326502
0.326501
0.326501
0.326502
0.326502
0.326502
0.326502
0.326501
0.326501
0.326502
0.326502
0.326501
0.326504
0.326501
0.326500
0.326502
0.326502
0.326501
0.326502
0.326502
0.326501
0.326502
0.326502
0.326502
0.326502
0.326501
0.326501
0.326502
0.326503
0.326501
0.326502
0.326501
0.326501
0.326503
0.326502
0.326502
0.326501
0.326501
0.326501
0.326503
0.326503
0.326501
0.326502
0.326500
0.326500
0.326503
0.326503
0.326500
0.326502
0.326501
0.326500
0.326503
0.326503
0.326499
0.326500
0.326501
0.326505
0.326502
0.326500
0.326501
0.326501
0.326501
0.326501
0.326500
0.326500
0.326504
0.326501
0.326500
0.326502
0.326500
0.326500
0.326503
0.326501
0.326500
0.326501
0.326500
0.326500
0.326503
0.326501
0.326501
0.326501
0.326500
0.326501
0.326501
0.326501
0.326501
0.326502
0.326500
0.326499
0.326501
0.326501
0.326501
0.326501
0.326500
0.326499
0.326502
0.326501
0.326499
0.326501
0.326500
0.326499
0.326503
0.326500
0.326500
0.326500
0.326499
0.326500
0.326501
0.326500
0.326500
0.326500
0.326500
0.326499
0.326501
0.326500
0.326499
0.326501
0.326499
0.326499
0.326500
0.326500
0.326498
0.326500
0.326499
0.326498
0.326501
0.326499
0.326499
0.326499
0.326499
0.326498
0.326499
0.326499
0.326497
0.326501
0.326498
0.326498
0.326499
0.326498
0.326499
0.326498
0.326501
0.326498
0.326498
0.326498
0.326497
0.326498
0.326499
0.326499
0.326497
0.326498
0.326497
0.326497
0.326501
0.326499
0.326498
0.326497
0.326497
0.326497
0.326500
0.326498
0.326497
0.326497
0.326498
0.326496
0.326499
0.326497
0.326497
0.326497
0.326497
0.326497
0.326497
0.326497
0.326496
0.326498
0.326497
0.326497
0.326497
0.326497
0.326495
0.326498
0.326497
0.326495
0.326497
0.326497
0.326495
0.326498
0.326496
0.326496
0.326496
0.326496
0.326496
0.326496
0.326497
0.326494
0.326497
0.326495
0.326494
0.326497
0.326496
0.326494
0.326495
0.326495
0.326494
0.326495
0.326496
0.326495
0.326495
0.326495
0.326496
0.326495
0.326495
0.326495
0.326494
0.326494
0.326495
0.326494
0.326493
0.326496
0.326495
0.326494
0.326494
0.326494
0.326493
0.326494
0.326494
0.326494
0.326494
0.326493
0.326493
0.326496
0.326494
0.326493
0.326493
0.326493
0.326492
0.326495
0.326494
0.326492
0.326493
0.326492
0.326493
0.326494
0.326493
0.326492
0.326493
0.326492
0.326493
0.326494
0.326492
0.326492
0.326493
0.326492
0.326492
0.326494
0.326492
0.326491
0.326494
0.326492
0.326491
0.326492
0.326491
0.326492
0.326491
0.326492
0.326492
0.326492
0.326491
0.326491
0.326492
0.326491
0.326490
0.326493
0.326492
0.326490
0.326491
0.326491
0.326490
0.326491
0.326491
0.326490
0.326491
0.326491
0.326489
0.326492
0.326491
0.326490
0.326490
0.326490
0.326490
0.326491
0.326491
0.326489
0.326491
0.326490
0.326489
0.326490
0.326489
0.326489
0.326492
0.326490
0.326488
0.326490
0.326489
0.326490
0.326490
0.326489
0.326489
0.326490
0.326489
0.326489
0.326490
0.326488
0.326487
0.326490
0.326490
0.326488
0.326489
0.326488
0.326488
0.326491
0.326489
0.326487
0.326488
0.326488
0.326488
0.326489
0.326488
0.326487
0.326489
0.326488
0.326488
0.326487
0.326488
0.326488
0.326489
0.326487
0.326487
0.326488
0.326487
0.326488
0.326488
0.326487
0.326488
0.326488
0.326487
0.326486
0.326489
0.326487
0.326487
0.326487
0.326486
0.326486
0.326489
0.326487
0.326487
0.326487
0.326486
0.326486
0.326489
0.326487
0.326487
0.326486
0.326486
0.326486
0.326488
0.326487
0.326486
0.326487
0.326486
0.326485
0.326488
0.326486
0.326486
0.326486
0.326485
0.326485
0.326487
0.326487
0.326485
0.326486
0.326486
0.326485
0.326487
0.326487
0.326485
0.326486
0.326485
0.326485
0.326487
0.326486
0.326485
0.326486
0.326485
0.326485
0.326485
0.326486
0.326485
0.326486
0.326485
0.326484
0.326486
0.326485
0.326485
0.326484
0.326485
0.326484
0.326486
0.326485
0.326485
0.326484
0.326485
0.326484
0.326486
0.326484
0.326484
0.326485
0.326487
0.326484
0.326484
0.326484
0.326484
0.326484
0.326484
0.326489
0.326486
0.326484
0.326482
0.326482
0.326487
0.326485
0.326482
0.326484
0.326483
0.326482
0.326486
0.326484
0.326483
0.326484
0.326484
0.326483
0.326484
0.326485
0.326485
0.326484
0.326483
0.326482
0.326482
0.326489
0.326487
0.326482
0.326482
0.326482
0.326483
0.326483
0.326484
0.326487
0.326485
0.326483
0.326482
0.326482
0.326487
0.326486
0.326482
0.326480
0.326482
0.326487
0.326486
0.326483
0.326482
0.326481
0.326483
0.326487
0.326486
0.326482
0.326478
0.326477
0.326478
0.326494
0.326491
0.326479
0.326479
0.326482
0.326482
0.326485
0.326486
0.326486
0.326485
0.326484
0.326483
0.326482
0.326482
0.326483
0.326482
0.326480
0.326478
0.326479
0.326481
0.326499
0.326493
0.326476
0.326476
0.326479
0.326480
0.326489
0.326489
0.326483
0.326483
0.326481
0.326482
0.326485
0.326484
0.326483
0.326482
0.326483
0.326483
0.326482
0.326483
0.326484
0.326484
0.326482
0.326483
0.326485
0.326484
0.326481
0.326482
0.326485
0.326484
0.326483
0.326482
0.326483
0.326483
0.326484
0.326483
0.326483
0.326483
0.326483
0.326483
0.326482
0.326482
0.326481
0.326481
0.326483
0.326484
0.326485
0.326485
0.326484
0.326483
0.326482
0.326480
0.326480
0.326482
0.326483
0.326486
0.326489
0.326487
0.326477
0.326480
0.326481
0.326483
0.326485
0.326486
0.326486
0.326485
0.326479
0.326479
0.326480
0.326481
0.326485
0.326485
0.326486
0.326492
0.326490
0.326486
0.326476
0.326476
0.326477
0.326487
0.326488
0.326486
0.326484
0.326484
0.326483
0.326483
0.326484
0.326483
0.326483
0.326483
0.326483
0.326482
0.326476
0.326478
0.326490
0.326491
0.326487
0.326486
0.326484
0.326481
0.326481
0.326481
0.326482
0.326483
0.326484
0.326486
0.326487
0.326487
0.326486
0.326484
0.326483
0.326483
0.326482
0.326483
0.326483
0.326483
0.326484
0.326485
0.326485
0.326485
0.326484
0.326484
0.326484
0.326484
0.326484
0.326484
0.326483
0.326484
0.326484
0.326484
0.326484
0.326484
0.326484
0.326484
0.326485
0.326485
0.326485
0.326484
0.326484
0.326484
0.326484
0.326484
0.326484
0.326485
0.326485
0.326484
0.326485
0.326485
0.326485
0.326485
0.326485
0.326485
0.326485
0.326484
0.326485
0.326485
0.326485
0.326484
0.326485
0.326485
0.326485
0.326485
0.326485
0.326485
0.326485
0.326485
0.326485
0.326485
0.326485
0.326485
0.326485
0.326486
0.326485
0.326485
0.326485
0.326485
0.326485
0.326486
0.326485
0.326486
0.326485
0.326486
0.326485
0.326485
0.326486
0.326486
0.326485
0.326485
0.326486
0.326486
0.326486
0.326486
0.326486
0.326486
0.326485
0.326485
0.326485
0.326485
0.326486
0.326486
0.326486
0.326486
0.326487
0.326487
0.326487
0.326487
0.326486
0.326486
0.326485
0.326485
0.326483
0.326483
0.326485
0.326485
0.326485
0.326485
0.326487
0.326487
0.326488
0.326488
0.326488
0.326488
0.326488
0.326489
0.326489
0.326488
0.326488
0.326483
0.326483
0.326484
0.326484
0.326484
0.326485
0.326485
0.326486
0.326486
0.326490
0.326490
0.326490
0.326490
0.326490
0.326489
0.326489
0.326488
0.326488
0.326486
0.326486
0.326486
0.326485
0.326485
0.326487
0.326487
0.326487
0.326487
0.326488
0.326488
0.326488
0.326488
0.326488
0.326488
0.326488
0.326488
0.326488
0.326488
0.326488
0.326488
0.326488
0.326488
0.326488
0.326488
0.326488
0.326488
0.326488
0.326488
0.326488
0.326488
0.326488
0.326488
0.326488
0.326488
0.326488
0.326488
0.326488
0.326488
0.326488
0.326488
0.326488
0.326488
0.326488
0.326488
0.326488
0.326488
0.326488
0.326487
0.326487
0.326488
0.326488
0.326489
0.326490
0.326490
0.326490
0.326490
0.326489
0.326489
0.326490
0.326490
0.326490
0.326489
0.326489
0.326489
0.326489
0.326488
0.326488
0.326489
0.326489
0.326489
0.326489
0.326489
0.326489
0.326489
0.326490
0.326490
0.326489
0.326489
0.326489
0.326490
0.326490
0.326489
0.326489
0.326490
0.326489
0.326489
0.326490
0.326490
0.326489
0.326490
0.326490
0.326489
0.326489
0.326490
0.326490
0.326490
0.326490
0.326490
0.326490
0.326491
0.326491
0.326490
0.326490
0.326490
0.326490
0.326490
0.326490
0.326490
0.326491
0.326490
0.326491
0.326490
0.326491
0.326490
0.326491
0.326490
0.326491
0.326490
0.326491
0.326490
0.326491
0.326490
0.326490
0.326491
0.326490
0.326491
0.326490
0.326490
0.326491
0.326490
0.326491
0.326490
0.326491
0.326491
0.326491
0.326491
0.326491
0.326491
0.326491
0.326491
0.326491
0.326491
0.326491
0.326491
0.326491
0.326491
0.326491
0.326491
0.326491
0.326491
0.326492
0.326491
0.326491
0.326491
0.326491
0.326491
0.326491
0.326491
0.326491
0.326491
0.326491
0.326491
0.326491
0.326491
0.326491
0.326491
0.326491
0.326491
0.326491
0.326492
0.326491
0.326491
0.326491
0.326491
0.326491
0.326492
0.326492
0.326492
0.326492
0.326492
0.326493
0.326493
0.326493
0.326493
0.326491
0.326490
0.326489
0.326491
0.326492
0.326493
0.326496
0.326497
0.326496
0.326494
0.326468
0.326478
0.326515
0.326511
0.326478
0.326479
0.326485
0.326500
0.326500
0.326498
0.326496
0.326492
0.326488
0.326477
0.326481
0.326485
0.326491
0.326497
0.326505
0.326505
0.326503
0.326470
0.326478
0.326509
0.326507
0.326486
0.326486
0.326486
0.326490
0.326493
0.326495
0.326495
0.326496
0.326492
0.326492
0.326482
0.326485
0.326496
0.326498
0.326500
0.326495
0.326492
0.326488
0.326488
0.326489
0.326494
0.326494
0.326494
0.326496
0.326495
0.326493
0.326492
0.326491
0.326479
0.326482
0.326487
0.326494
0.326499
0.326506
0.326505
0.326484
0.326484
0.326492
0.326493
0.326495
0.326495
0.326494
0.326493
0.326481
0.326484
0.326490
0.326493
0.326498
0.326498
0.326493
0.326493
0.326492
0.326493
0.326494
0.326492
0.326490
0.326491
0.326492
0.326493
0.326495
0.326495
0.326489
0.326491
0.326494
0.326494
0.326494
0.326494
0.326491
0.326490
0.326490
0.326491
0.326494
0.326493
0.326492
0.326492
0.326494
0.326492
0.326490
0.326491
0.326495
0.326493
0.326490
0.326491
0.326495
0.326493
0.326490
0.326491
0.326495
0.326493
0.326490
0.326491
0.326495
0.326493
0.326489
0.326491
0.326495
0.326494
0.326490
0.326491
0.326493
0.326493
0.326492
0.326492
0.326492
0.326492
0.326492
0.326492
0.326493
0.326492
0.326491
0.326492
0.326493
0.326493
0.326491
0.326492
0.326493
0.326492
0.326491
0.326491
0.326492
0.326493
0.326493
0.326493
0.326491
0.326492
0.326492
0.326493
0.326492
0.326492
0.326492
0.326492
0.326491
0.326492
0.326493
0.326492
0.326491
0.326492
0.326493
0.326493
0.326491
0.326491
0.326494
0.326494
0.326493
0.326493
0.326491
0.326490
0.326487
0.326489
0.326499
0.326499
0.326494
0.326494
0.326478
0.326482
0.326498
0.326498
0.326495
0.326494
0.326487
0.326488
0.326492
0.326492
0.326492
0.326493
0.326493
0.326487
0.326489
0.326493
0.326494
0.326495
0.326488
0.326489
0.326493
0.326493
0.326494
0.326492
0.326487
0.326488
0.326494
0.326497
0.326497
0.326496
0.326485
0.326485
0.326496
0.326495
0.326494
0.326493
0.326491
0.326490
0.326482
0.326485
0.326496
0.326496
0.326493
0.326491
0.326488
0.326489
0.326493
0.326493
0.326491
0.326491
0.326491
0.326487
0.326491
0.326493
0.326498
0.326497
0.326489
0.326487
0.326487
0.326488
0.326494
0.326494
0.326492
0.326492
0.326487
0.326488
0.326491
0.326492
0.326492
0.326492
0.326493
0.326493
0.326492
0.326490
0.326486
0.326487
0.326493
0.326497
0.326496
0.326496
0.326481
0.326484
0.326494
0.326494
0.326493
0.326492
0.326490
0.326484
0.326485
0.326491
0.326492
0.326495
0.326493
0.326485
0.326487
0.326494
0.326497
0.326496
0.326496
0.326480
0.326483
0.326494
0.326494
0.326493
0.326493
0.326490
0.326483
0.326485
0.326492
0.326493
0.326494
0.326492
0.326487
0.326488
0.326493
0.326494
0.326496
0.326494
0.326484
0.326485
0.326491
0.326491
0.326491
0.326491
0.326491
0.326489
0.326485
0.326486
0.326490
0.326494
0.326494
0.326488
0.326488
0.326491
0.326491
0.326491
0.326490
0.326490
0.326490
0.326489
0.326490
0.326490
0.326491
0.326490
0.326488
0.326489
0.326491
0.326492
0.326493
0.326493
0.326488
0.326486
0.326488
0.326489
0.326490
0.326491
0.326491
0.326492
0.326490
0.326486
0.326487
0.326492
0.326492
0.326491
0.326491
0.326486
0.326488
0.326490
0.326490
0.326488
0.326489
0.326490
0.326491
0.326491
0.326490
0.326487
0.326487
0.326491
0.326491
0.326491
0.326491
0.326490
0.326490
0.326481
0.326483
0.326490
0.326492
0.326494
0.326492
0.326482
0.326485
0.326491
0.326493
0.326494
0.326494
0.326487
0.326487
0.326488
0.326489
0.326490
0.326490
0.326486
0.326487
0.326490
0.326491
0.326491
0.326489
0.326487
0.326488
0.326491
0.326490
0.326487
0.326488
0.326491
0.326490
0.326487
0.326488
0.326490
0.326491
0.326491
0.326491
0.326481
0.326483
0.326492
0.326492
0.326492
0.326490
0.326484
0.326485
0.326489
0.326490
0.326492
0.326493
0.326487
0.326488
0.326490
0.326490
0.326490
0.326490
0.326488
0.326487
0.326486
0.326487
0.326490
0.326490
0.326488
0.326489
0.326489
0.326488
0.326487
0.326488
0.326491
0.326489
0.326486
0.326487
0.326491
0.326489
0.326485
0.326487
0.326492
0.326490
0.326486
0.326487
0.326490
0.326489
0.326486
0.326488
0.326491
0.326489
0.326487
0.326487
0.326488
0.326489
0.326489
0.326488
0.326486
0.326487
0.326490
0.326493
0.326493
0.326493
0.326483
0.326482
0.326486
0.326487
0.326490
0.326489
0.326487
0.326487
0.326488
0.326487
0.326489
0.326489
0.326488
0.326488
0.326487
0.326488
0.326488
0.326489
0.326487
0.326488
0.326488
0.326488
0.326488
0.326488
0.326488
0.326488
0.326488
0.326488
0.326487
0.326488
0.326488
0.326488
0.326488
0.326488
0.326488
0.326488
0.326489
0.326488
0.326487
0.326488
0.326488
0.326488
0.326488
0.326488
0.326488
0.326488
0.326488
0.326488
0.326488
0.326488
0.326488
0.326488
0.326488
0.326488
0.326488
0.326487
0.326487
0.326488
0.326490
0.326488
0.326486
0.326487
0.326488
0.326488
0.326487
0.326488
0.326489
0.326488
0.326486
0.326487
0.326488
0.326489
0.326487
0.326488
0.326488
0.326489
0.326489
0.326489
0.326482
0.326484
0.326486
0.326489
0.326492
0.326491
0.326485
0.326486
0.326487
0.326488
0.326490
0.326490
0.326485
0.326486
0.326487
0.326488
0.326489
0.326490
0.326485
0.326486
0.326488
0.326488
0.326490
0.326490
0.326484
0.326485
0.326487
0.326488
0.326491
0.326490
0.326484
0.326486
0.326487
0.326488
0.326491
0.326491
0.326484
0.326485
0.326487
0.326488
0.326491
0.326491
0.326483
0.326485
0.326487
0.326488
0.326491
0.326491
0.326484
0.326485
0.326487
0.326488
0.326491
0.326491
0.326483
0.326485
0.326487
0.326488
0.326491
0.326491
0.326484
0.326485
0.326487
0.326488
0.326491
0.326490
0.326484
0.326486
0.326487
0.326488
0.326491
0.326491
0.326483
0.326484
0.326487
0.326488
0.326491
0.326491
0.326485
0.326486
0.326487
0.326488
0.326491
0.326491
0.326483
0.326485
0.326487
0.326488
0.326491
0.326491
0.326485
0.326486
0.326487
0.326488
0.326491
0.326491
0.326485
0.326486
0.326487
0.326488
0.326490
0.326489
0.326485
0.326486
0.326487
0.326488
0.326490
0.326490
0.326485
0.326486
0.326487
0.326488
0.326490
0.326489
0.326486
0.326486
0.326487
0.326488
0.326490
0.326490
0.326485
0.326485
0.326487
0.326488
0.326490
0.326490
0.326484
0.326486
0.326487
0.326489
0.326491
0.326491
0.326484
0.326485
0.326487
0.326488
0.326491
0.326490
0.326484
0.326486
0.326487
0.326489
0.326491
0.326491
0.326484
0.326485
0.326487
0.326488
0.326490
0.326491
0.326486
0.326487
0.326487
0.326488
0.326490
0.326490
0.326485
0.326486
0.326487
0.326488
0.326491
0.326491
0.326484
0.326485
0.326487
0.326488
0.326491
0.326491
0.326484
0.326485
0.326487
0.326488
0.326491
0.326491
0.326485
0.326486
0.326488
0.326489
0.326491
0.326491
0.326485
0.326485
0.326487
0.326488
0.326491
0.326491
0.326489
0.326488
0.326487
0.326486
0.326488
0.326488
0.326489
0.326492
0.326492
0.326490
0.326489
0.326486
0.326477
0.326479
0.326484
0.326513
0.326506
0.326465
0.326470
0.326499
0.326499
0.326496
0.326479
0.326479
0.326482
0.326492
0.326492
0.326491
0.326490
0.326478
0.326482
0.326500
0.326497
0.326494
0.326487
0.326486
0.326485
0.326483
0.326486
0.326486
0.326486
0.326490
0.326493
0.326494
0.326493
0.326491
0.326464
0.326473
0.326484
0.326505
0.326506
0.326504
0.326473
0.326475
0.326481
0.326500
0.326500
0.326496
0.326492
0.326489
0.326486
0.326465
0.326474
0.326484
0.326492
0.326495
0.326496
0.326496
0.326495
0.326493
0.326469
0.326477
0.326509
0.326505
0.326473
0.326477
0.326499
0.326497
0.326494
0.326490
0.326488
0.326487
0.326480
0.326481
0.326484
0.326487
0.326489
0.326491
0.326491
0.326491
0.326489
0.326484
0.326485
0.326487
0.326501
0.326498
0.326480
0.326481
0.326493
0.326493
0.326493
0.326486
0.326486
0.326486
0.326486
0.326487
0.326488
0.326491
0.326491
0.326491
0.326491
0.326491
0.326492
0.326490
0.326489
0.326487
0.326483
0.326484
0.326492
0.326491
0.326491
0.326484
0.326485
0.326495
0.326493
0.326491
0.326488
0.326487
0.326488
0.326488
0.326488
0.326488
0.326478
0.326482
0.326486
0.326503
0.326501
0.326487
0.326485
0.326484
0.326487
0.326488
0.326489
0.326490
0.326490
0.326491
0.326492
0.326493
0.326492
0.326491
0.326490
0.326488
0.326471
0.326478
0.326487
0.326491
0.326493
0.326495
0.326495
0.326495
0.326494
0.326477
0.326492
0.326492
0.326493
0.326492
0.326491
0.326490
0.326489
0.326487
0.326484
0.326483
0.326484
0.326489
0.326509
0.326502
0.326456
0.326497
0.326496
0.326494
0.326491
0.326490
0.326489
0.326487
0.326485
0.326483
0.326488
0.326488
0.326489
0.326492
0.326492
0.326493
0.326492
0.326491
0.326485
0.326483
0.326484
0.326487
0.326489
0.326490
0.326492
0.326492
0.326492
0.326491
0.326491
0.326490
0.326490
0.326489
0.326489
0.326488
0.326485
0.326488
0.326489
0.326492
0.326496
0.326494
0.326468
0.326497
0.326497
0.326496
0.326492
0.326489
0.326488
0.326487
0.326487
0.326484
0.326485
0.326487
0.326489
0.326490
0.326490
0.326490
0.326491
0.326491
0.326491
0.326490
0.326489
0.326488
0.326489
0.326488
0.326488
0.326489
0.326489
0.326490
0.326490
0.326490
0.326491
0.326490
0.326490
0.326489
0.326490
0.326489
0.326489
0.326490
0.326489
0.326489
0.326489
0.326490
0.326490
0.326490
0.326490
0.326490
0.326490
0.326490
0.326489
0.326490
0.326489
0.326490
0.326489
0.326490
0.326490
0.326490
0.326489
0.326490
0.326489
0.326490
0.326489
0.326490
0.326490
0.326490
0.326489
0.326490
0.326490
0.326490
0.326490
0.326489
0.326490
0.326489
0.326490
0.326489
0.326490
0.326490
0.326490
0.326490
0.326490
0.326489
0.326489
0.326490
0.326490
0.326489
0.326489
0.326490
0.326490
0.326490
0.326490
0.326489
0.326490
0.326489
0.326490
0.326490
0.326490
0.326490
0.326490
0.326490
0.326489
0.326489
0.326490
0.326490
0.326489
0.326490
0.326491
0.326491
0.326491
0.326491
0.326491
0.326491
0.326490
0.326490
0.326489
0.326489
0.326487
0.326487
0.326489
0.326489
0.326490
0.326490
0.326492
0.326492
0.326492
0.326492
0.326490
0.326490
0.326490
0.326490
0.326490
0.326488
0.326488
0.326487
0.326487
0.326489
0.326489
0.326490
0.326490
0.326495
0.326495
0.326494
0.326494
0.326489
0.326489
0.326486
0.326486
0.326485
0.326485
0.326493
0.326493
0.326490
0.326490
0.326496
0.326496
0.326478
0.326478
0.326493
0.326493
0.326489
0.326491
0.326491
0.326491
0.326491
0.326491
0.326491
0.326489
0.326489
0.326489
0.326489
0.326486
0.326486
0.326491
0.326491
0.326491
0.326492
0.326492
0.326492
0.326492
0.326492
0.326491
0.326491
0.326489
0.326489
0.326478
0.326478
0.326495
0.326495
0.326495
0.326494
0.326494
0.326491
0.326490
0.326490
0.326489
0.326489
0.326489
0.326488
0.326488
0.326486
0.326486
0.326488
0.326488
0.326497
0.326496
0.326496
0.326477
0.326477
0.326504
0.326493
0.326493
0.326493
0.326493
0.326489
0.326489
0.326488
0.326487
0.326487
0.326487
0.326487
0.326487
0.326487
0.326494
0.326494
0.326494
0.326485
0.326485
0.326486
0.326486
0.326502
0.326498
0.326498
0.326467
0.326467
0.326522
0.326522
0.326453
0.326484
0.326484
0.326495
0.326495
0.326500
0.326489
0.326489
0.326487
0.326487
0.326487
0.326487
0.326487
0.326488
0.326488
0.326490
0.326490
0.326493
0.326495
0.326495
0.326492
0.326492
0.326489
0.326487
0.326487
0.326487
0.326485
0.326485
0.326493
0.326493
0.326492
0.326492
0.326492
0.326492
0.326492
0.326490
0.326489
0.326489
0.326488
0.326488
0.326488
0.326488
0.326486
0.326486
0.326488
0.326489
0.326489
0.326490
0.326490
0.326491
0.326491
0.326491
0.326491
0.326491
0.326491
0.326491
0.326490
0.326490
0.326488
0.326488
0.326488
0.326488
0.326488
0.326489
0.326489
0.326489
0.326489
0.326490
0.326490
0.326490
0.326490
0.326490
0.326491
0.326491
0.326490
0.326490
0.326490
0.326489
0.326489
0.326489
0.326489
0.326489
0.326489
0.326489
0.326490
0.326490
0.326489
0.326489
0.326490
0.326490
0.326489
0.326489
0.326490
0.326490
0.326490
0.326489
0.326489
0.326490
0.326490
0.326490
0.326489
0.326489
0.326490
0.326490
0.326489
0.326489
0.326490
0.326490
0.326489
0.326490
0.326490
0.326489
0.326489
0.326490
0.326490
0.326489
0.326489
0.326490
0.326490
0.326490
0.326489
0.326489
0.326489
0.326489
0.326489
0.326489
0.326489
0.326490
0.326490
0.326489
0.326489
0.326490
0.326490
0.326489
0.326489
0.326490
0.326490
0.326490
0.326489
0.326489
0.326489
0.326489
0.326489
0.326489
0.326489
0.326489
0.326489
0.326489
0.326489
0.326489
0.326489
0.326489
0.326489
0.326489
0.326489
0.326489
0.326489
0.326489
0.326489
0.326489
0.326489
0.326489
0.326490
0.326490
0.326490
0.326489
0.326489
0.326489
0.326489
0.326489
0.326489
0.326489
0.326489
0.326489
0.326489
0.326489
0.326489
0.326489
0.326489
0.326489
0.326488
0.326489
0.326489
0.326489
0.326489
0.326489
0.326489
0.326489
0.326489
0.326489
0.326489
0.326490
0.326490
0.326490
0.326489
0.326489
0.326488
0.326488
0.326489
0.326489
