-864.322480
-26.719207
-0.810311
-0.231823
-0.243757
-0.248717
-0.248167
-0.246758
-0.245701
-0.244935
-0.244370
-0.244066
-0.243961
-0.243895
-0.243915
-0.243961
-0.243959
-0.243868
-0.243773
-0.243666
-0.243549
-0.243430
-0.243311
-0.243206
-0.243117
-0.243033
-0.242931
-0.242840
-0.242771
-0.242692
-0.242602
-0.242501
-0.242398
-0.242275
-0.242155
-0.242024
-0.241898
-0.241776
-0.241649
-0.241515
-0.241395
-0.241282
-0.241175
-0.241059
-0.240966
-0.240871
-0.240780
-0.240704
-0.240631
-0.240548
-0.240459
-0.240369
-0.240281
-0.240186
-0.240078
-0.239959
-0.239831
-0.239692
-0.239549
-0.239399
-0.239250
-0.239097
-0.238941
-0.238784
-0.238623
-0.238455
-0.238285
-0.238114
-0.237940
-0.237768
-0.237597
-0.237428
-0.237260
-0.237091
-0.236921
-0.236748
-0.236579
-0.236406
-0.236233
-0.236056
-0.235880
-0.235700
-0.235520
-0.235337
-0.235150
-0.234966
-0.234776
-0.234588
-0.234395
-0.234200
-0.234000
-0.233798
-0.233589
-0.233381
-0.233162
-0.232944
-0.232717
-0.232488
-0.232250
-0.232009
-0.231761
-0.231507
-0.231249
-0.230983
-0.230715
-0.230434
-0.230153
-0.229866
-0.229571
-0.229271
-0.228966
-0.228653
-0.228334
-0.228013
-0.227683
-0.227346
-0.227003
-0.226659
-0.226305
-0.225948
-0.225587
-0.225223
-0.224853
-0.224479
-0.224103
-0.223720
-0.223334
-0.222945
-0.222551
-0.222155
-0.221751
-0.221350
-0.220940
-0.220527
-0.220109
-0.219686
-0.219261
-0.218831
-0.218397
-0.217959
-0.217516
-0.217075
-0.216627
-0.216180
-0.215732
-0.215282
-0.214830
-0.214376
-0.213922
-0.213466
-0.213011
-0.212552
-0.212092
-0.211632
-0.211170
-0.210707
-0.210245
-0.209782
-0.209319
-0.208857
-0.208394
-0.207932
-0.207471
-0.207010
-0.206549
-0.206087
-0.205629
-0.205171
-0.204717
-0.204265
-0.203815
-0.203367
-0.202920
-0.202476
-0.202030
-0.201586
-0.201143
-0.200704
-0.200264
-0.199826
-0.199391
-0.198955
-0.198521
-0.198089
-0.197656
-0.197224
-0.196797
-0.196366
-0.195940
-0.195516
-0.195090
-0.194665
-0.194247
-0.193825
-0.193408
-0.192994
-0.192578
-0.192166
-0.191754
-0.191347
-0.190940
-0.190538
-0.190135
-0.189737
-0.189340
-0.188947
-0.188555
-0.188168
-0.187781
-0.187399
-0.187018
-0.186642
-0.186270
-0.185895
-0.185530
-0.185163
-0.184800
-0.184441
-0.184082
-0.183729
-0.183375
-0.183026
-0.182679
-0.182336
-0.181994
-0.181657
-0.181319
-0.180987
-0.180658
-0.180329
-0.180003
-0.179683
-0.179362
-0.179048
-0.178734
-0.178425
-0.178117
-0.177814
-0.177514
-0.177216
-0.176921
-0.176631
-0.176342
-0.176057
-0.175776
-0.175493
-0.175219
-0.174943
-0.174672
-0.174403
-0.174136
-0.173871
-0.173608
-0.173347
-0.173088
-0.172831
-0.172574
-0.172322
-0.172069
-0.171817
-0.171570
-0.171322
-0.171075
-0.170833
-0.170591
-0.170352
-0.170114
-0.169879
-0.169648
-0.169414
-0.169187
-0.168961
-0.168736
-0.168511
-0.168288
-0.168066
-0.167846
-0.167626
-0.167407
-0.167188
-0.166970
-0.166752
-0.166536
-0.166321
-0.166108
-0.165896
-0.165684
-0.165474
-0.165265
-0.165057
-0.164850
-0.164642
-0.164435
-0.164229
-0.164021
-0.163813
-0.163605
-0.163398
-0.163188
-0.162980
-0.162771
-0.162562
-0.162357
-0.162148
-0.161944
-0.161741
-0.161538
-0.161339
-0.161139
-0.160941
-0.160745
-0.160550
-0.160353
-0.160159
-0.159964
-0.159766
-0.159571
-0.159374
-0.159176
-0.158972
-0.158772
-0.158568
-0.158362
-0.158152
-0.157944
-0.157735
-0.157524
-0.157312
-0.157102
-0.156890
-0.156680
-0.156471
-0.156263
-0.156056
-0.155850
-0.155646
-0.155442
-0.155240
-0.155039
-0.154836
-0.154634
-0.154433
-0.154231
-0.154030
-0.153828
-0.153626
-0.153425
-0.153223
-0.153020
-0.152817
-0.152612
-0.152407
-0.152202
-0.151994
-0.151786
-0.151579
-0.151371
-0.151164
-0.150957
-0.150749
-0.150542
-0.150338
-0.150130
-0.149927
-0.149723
-0.149521
-0.149318
-0.149118
-0.148914
-0.148715
-0.148517
-0.148315
-0.148119
-0.147920
-0.147724
-0.147528
-0.147333
-0.147138
-0.146945
-0.146751
-0.146559
-0.146367
-0.146173
-0.145985
-0.145794
-0.145605
-0.145415
-0.145229
-0.145039
-0.144855
-0.144669
-0.144484
-0.144302
-0.144119
-0.143939
-0.143759
-0.143581
-0.143404
-0.143230
-0.143055
-0.142884
-0.142713
-0.142543
-0.142376
-0.142210
-0.142045
-0.141881
-0.141719
-0.141560
-0.141402
-0.141244
-0.141089
-0.140936
-0.140786
-0.140633
-0.140486
-0.140341
-0.140196
-0.140052
-0.139911
-0.139771
-0.139634
-0.139498
-0.139364
-0.139233
-0.139105
-0.138976
-0.138851
-0.138729
-0.138609
-0.138492
-0.138376
-0.138264
-0.138153
-0.138045
-0.137940
-0.137837
-0.137737
-0.137639
-0.137545
-0.137453
-0.137364
-0.137276
-0.137191
-0.137110
-0.137029
-0.136953
-0.136878
-0.136806
-0.136738
-0.136670
-0.136606
-0.136544
-0.136486
-0.136430
-0.136375
-0.136325
-0.136276
-0.136230
-0.136188
-0.136147
-0.136109
-0.136075
-0.136042
-0.136013
-0.135987
-0.135961
-0.135940
-0.135922
-0.135904
-0.135891
-0.135881
-0.135872
-0.135866
-0.135863
-0.135862
-0.135864
-0.135867
-0.135874
-0.135886
-0.135895
-0.135911
-0.135928
-0.135947
-0.135968
-0.135994
-0.136022
-0.136054
-0.136085
-0.136119
-0.136160
-0.136202
-0.136245
-0.136289
-0.136340
-0.136392
-0.136446
-0.136503
-0.136565
-0.136625
-0.136693
-0.136759
-0.136830
-0.136904
-0.136979
-0.137057
-0.137137
-0.137222
-0.137306
-0.137394
-0.137487
-0.137578
-0.137670
-0.137771
-0.137872
-0.137974
-0.138075
-0.138186
-0.138292
-0.138397
-0.138520
-0.138631
-0.138749
-0.138868
-0.138989
-0.139112
-0.139237
-0.139363
-0.139500
-0.139620
-0.139757
-0.139895
-0.140031
-0.140161
-0.140304
-0.140450
-0.140586
-0.140738
-0.140878
-0.141026
-0.141172
-0.141324
-0.141474
-0.141630
-0.141782
-0.141937
-0.142094
-0.142251
-0.142412
-0.142579
-0.142736
-0.142896
-0.143070
-0.143224
-0.143403
-0.143567
-0.143734
-0.143901
-0.144077
-0.144255
-0.144430
-0.144601
-0.144778
-0.144947
-0.145135
-0.145310
-0.145497
-0.145675
-0.145849
-0.146036
-0.146228
-0.146401
-0.146589
-0.146783
-0.146961
-0.147145
-0.147344
-0.147528
-0.147713
-0.147900
-0.148091
-0.148285
-0.148476
-0.148659
-0.148857
-0.149038
-0.149243
-0.149429
-0.149621
-0.149814
-0.149998
-0.150195
-0.150389
-0.150588
-0.150769
-0.150971
-0.151158
-0.151344
-0.151547
-0.151730
-0.151930
-0.152121
-0.152308
-0.152490
-0.152689
-0.152889
-0.153068
-0.153264
-0.153447
-0.153636
-0.153838
-0.154010
-0.154212
-0.154387
-0.154579
-0.154775
-0.154947
-0.155138
-0.155324
-0.155509
-0.155693
-0.155884
-0.156060
-0.156240
-0.156417
-0.156609
-0.156779
-0.156962
-0.157145
-0.157318
-0.157500
-0.157671
-0.157854
-0.158025
-0.158193
-0.158369
-0.158550
-0.158713
-0.158881
-0.159053
-0.159226
-0.159388
-0.159559
-0.159719
-0.159886
-0.160054
-0.160208
-0.160372
-0.160534
-0.160693
-0.160852
-0.161007
-0.161162
-0.161318
-0.161471
-0.161629
-0.161770
-0.161925
-0.162069
-0.162220
-0.162361
-0.162510
-0.162648
-0.162791
-0.162933
-0.163072
-0.163210
-0.163346
-0.163482
-0.163616
-0.163753
-0.163877
-0.164008
-0.164139
-0.164263
-0.164389
-0.164515
-0.164639
-0.164759
-0.164881
-0.164995
-0.165118
-0.165233
-0.165349
-0.165464
-0.165573
-0.165684
-0.165794
-0.165902
-0.166009
-0.166114
-0.166217
-0.166319
-0.166419
-0.166518
-0.166615
-0.166712
-0.166805
-0.166897
-0.166986
-0.167075
-0.167163
-0.167248
-0.167332
-0.167415
-0.167495
-0.167573
-0.167653
-0.167726
-0.167799
-0.167871
-0.167943
-0.168012
-0.168078
-0.168145
-0.168209
-0.168271
-0.168332
-0.168392
-0.168447
-0.168504
-0.168557
-0.168611
-0.168658
-0.168709
-0.168756
-0.168800
-0.168843
-0.168886
-0.168925
-0.168964
-0.168999
-0.169035
-0.169066
-0.169099
-0.169126
-0.169155
-0.169177
-0.169204
-0.169228
-0.169246
-0.169262
-0.169283
-0.169295
-0.169310
-0.169324
-0.169332
-0.169343
-0.169346
-0.169354
-0.169360
-0.169358
-0.169361
-0.169360
-0.169356
-0.169353
-0.169348
-0.169338
-0.169332
-0.169320
-0.169306
-0.169293
-0.169278
-0.169258
-0.169242
-0.169219
-0.169200
-0.169172
-0.169147
-0.169123
-0.169092
-0.169062
-0.169033
-0.168997
-0.168965
-0.168926
-0.168889
-0.168853
-0.168809
-0.168771
-0.168725
-0.168681
-0.168634
-0.168589
-0.168540
-0.168489
-0.168438
-0.168384
-0.168332
-0.168275
-0.168220
-0.168160
-0.168103
-0.168042
-0.167980
-0.167916
-0.167852
-0.167785
-0.167721
-0.167649
-0.167583
-0.167510
-0.167440
-0.167365
-0.167293
-0.167217
-0.167139
-0.167063
-0.166982
-0.166904
-0.166824
-0.166739
-0.166657
-0.166574
-0.166491
-0.166401
-0.166315
-0.166227
-0.166138
-0.166049
-0.165959
-0.165866
-0.165771
-0.165680
-0.165583
-0.165490
-0.165392
-0.165294
-0.165196
-0.165098
-0.164996
-0.164896
-0.164795
-0.164692
-0.164587
-0.164483
-0.164379
-0.164269
-0.164165
-0.164055
-0.163947
-0.163838
-0.163728
-0.163618
-0.163503
-0.163391
-0.163279
-0.163166
-0.163051
-0.162934
-0.162818
-0.162700
-0.162584
-0.162467
-0.162345
-0.162226
-0.162107
-0.161987
-0.161865
-0.161741
-0.161619
-0.161495
-0.161369
-0.161246
-0.161121
-0.160995
-0.160869
-0.160740
-0.160612
-0.160483
-0.160354
-0.160223
-0.160093
-0.159962
-0.159830
-0.159699
-0.159565
-0.159433
-0.159296
-0.159164
-0.159030
-0.158895
-0.158759
-0.158623
-0.158485
-0.158350
-0.158211
-0.158073
-0.157937
-0.157795
-0.157656
-0.157519
-0.157376
-0.157237
-0.157096
-0.156955
-0.156812
-0.156669
-0.156527
-0.156386
-0.156241
-0.156096
-0.155952
-0.155810
-0.155664
-0.155518
-0.155373
-0.155227
-0.155081
-0.154934
-0.154789
-0.154641
-0.154494
-0.154346
-0.154200
-0.154052
-0.153903
-0.153755
-0.153607
-0.153460
-0.153310
-0.153161
-0.153011
-0.152862
-0.152712
-0.152562
-0.152412
-0.152262
-0.152110
-0.151961
-0.151809
-0.151658
-0.151508
-0.151355
-0.151205
-0.151051
-0.150901
-0.150750
-0.150598
-0.150444
-0.150293
-0.150141
-0.149989
-0.149837
-0.149683
-0.149532
-0.149380
-0.149228
-0.149074
-0.148923
-0.148770
-0.148618
-0.148465
-0.148312
-0.148161
-0.148008
-0.147855
-0.147704
-0.147551
-0.147398
-0.147247
-0.147094
-0.146942
-0.146789
-0.146638
-0.146486
-0.146334
-0.146183
-0.146031
-0.145879
-0.145729
-0.145578
-0.145426
-0.145277
-0.145126
-0.144976
-0.144826
-0.144676
-0.144528
-0.144378
-0.144230
-0.144080
-0.143933
-0.143784
-0.143637
-0.143489
-0.143342
-0.143194
-0.143049
-0.142902
-0.142755
-0.142611
-0.142465
-0.142320
-0.142175
-0.142031
-0.141887
-0.141743
-0.141600
-0.141458
-0.141315
-0.141174
-0.141032
-0.140892
-0.140751
-0.140611
-0.140472
-0.140333
-0.140195
-0.140057
-0.139920
-0.139784
-0.139647
-0.139512
-0.139376
-0.139242
-0.139108
-0.138975
-0.138842
-0.138710
-0.138579
-0.138448
-0.138317
-0.138188
-0.138059
-0.137930
-0.137803
-0.137675
-0.137549
-0.137423
-0.137297
-0.137173
-0.137049
-0.136927
-0.136805
-0.136683
-0.136562
-0.136442
-0.136323
-0.136205
-0.136087
-0.135970
-0.135854
-0.135738
-0.135624
-0.135510
-0.135397
-0.135285
-0.135173
-0.135062
-0.134953
-0.134844
-0.134736
-0.134628
-0.134522
-0.134416
-0.134311
-0.134207
-0.134103
-0.134001
-0.133899
-0.133799
-0.133699
-0.133599
-0.133502
-0.133404
-0.133307
-0.133211
-0.133116
-0.133022
-0.132929
-0.132837
-0.132745
-0.132655
-0.132565
-0.132476
-0.132388
-0.132301
-0.132215
-0.132129
-0.132043
-0.131960
-0.131877
-0.131794
-0.131713
-0.131633
-0.131553
-0.131475
-0.131397
-0.131319
-0.131244
-0.131168
-0.131093
-0.131020
-0.130946
-0.130874
-0.130803
-0.130733
-0.130663
-0.130594
-0.130526
-0.130460
-0.130393
-0.130328
-0.130262
-0.130200
-0.130135
-0.130074
-0.130011
-0.129951
-0.129890
-0.129833
-0.129773
-0.129716
-0.129659
-0.129604
-0.129548
-0.129495
-0.129439
-0.129387
-0.129334
-0.129283
-0.129232
-0.129183
-0.129132
-0.129084
-0.129037
-0.128990
-0.128944
-0.128899
-0.128853
-0.128809
-0.128765
-0.128721
-0.128680
-0.128639
-0.128599
-0.128556
-0.128518
-0.128478
-0.128442
-0.128404
-0.128365
-0.128329
-0.128294
-0.128259
-0.128225
-0.128192
-0.128157
-0.128125
-0.128093
-0.128062
-0.128031
-0.127999
-0.127970
-0.127943
-0.127913
-0.127885
-0.127858
-0.127830
-0.127804
-0.127780
-0.127754
-0.127729
-0.127705
-0.127682
-0.127658
-0.127636
-0.127616
-0.127592
-0.127572
-0.127553
-0.127532
-0.127512
-0.127495
-0.127475
-0.127457
-0.127441
-0.127423
-0.127407
-0.127391
-0.127376
-0.127360
-0.127347
-0.127333
-0.127318
-0.127306
-0.127293
-0.127282
-0.127269
-0.127258
-0.127248
-0.127237
-0.127228
-0.127214
-0.127209
-0.127204
-0.127193
-0.127184
-0.127177
-0.127172
-0.127164
-0.127158
-0.127153
-0.127147
-0.127143
-0.127139
-0.127135
-0.127132
-0.127128
-0.127125
-0.127124
-0.127122
-0.127121
-0.127120
-0.127119
-0.127119
-0.127119
-0.127120
-0.127122
-0.127123
-0.127124
-0.127126
-0.127129
-0.127133
-0.127136
-0.127140
-0.127144
-0.127148
-0.127153
-0.127159
-0.127164
-0.127170
-0.127177
-0.127184
-0.127191
-0.127199
-0.127206
-0.127215
-0.127224
-0.127233
-0.127242
-0.127253
-0.127263
-0.127273
-0.127284
-0.127296
-0.127307
-0.127319
-0.127332
-0.127344
-0.127358
-0.127372
-0.127383
-0.127399
-0.127416
-0.127430
-0.127444
-0.127460
-0.127476
-0.127493
-0.127510
-0.127527
-0.127544
-0.127562
-0.127581
-0.127599
-0.127618
-0.127638
-0.127658
-0.127677
-0.127698
-0.127718
-0.127739
-0.127761
-0.127782
-0.127805
-0.127828
-0.127850
-0.127874
-0.127897
-0.127921
-0.127946
-0.127970
-0.127995
-0.128021
-0.128047
-0.128073
-0.128099
-0.128126
-0.128153
-0.128181
-0.128208
-0.128236
-0.128265
-0.128294
-0.128323
-0.128353
-0.128383
-0.128413
-0.128440
-0.128475
-0.128508
-0.128538
-0.128569
-0.128602
-0.128635
-0.128668
-0.128701
-0.128735
-0.128769
-0.128803
-0.128838
-0.128873
-0.128909
-0.128945
-0.128981
-0.129017
-0.129054
-0.129091
-0.129129
-0.129168
-0.129206
-0.129244
-0.129283
-0.129322
-0.129362
-0.129401
-0.129443
-0.129479
-0.129525
-0.129567
-0.129608
-0.129649
-0.129691
-0.129730
-0.129778
-0.129822
-0.129865
-0.129908
-0.129953
-0.129997
-0.130044
-0.130087
-0.130134
-0.130180
-0.130227
-0.130271
-0.130324
-0.130366
-0.130419
-0.130461
-0.130514
-0.130563
-0.130611
-0.130661
-0.130711
-0.130762
-0.130810
-0.130863
-0.130909
-0.130967
-0.131015
-0.131072
-0.131120
-0.131176
-0.131230
-0.131277
-0.131337
-0.131390
-0.131441
-0.131501
-0.131554
-0.131606
-0.131668
-0.131723
-0.131778
-0.131831
-0.131894
-0.131951
-0.132006
-0.132064
-0.132124
-0.132181
-0.132242
-0.132300
-0.132360
-0.132421
-0.132480
-0.132541
-0.132602
-0.132663
-0.132724
-0.132786
-0.132849
-0.132906
-0.132976
-0.133036
-0.133097
-0.133167
-0.133228
-0.133288
-0.133360
-0.133417
-0.133489
-0.133548
-0.133619
-0.133679
-0.133752
-0.133813
-0.133884
-0.133950
-0.134016
-0.134085
-0.134152
-0.134220
-0.134289
-0.134357
-0.134427
-0.134491
-0.134569
-0.134636
-0.134707
-0.134776
-0.134842
-0.134920
-0.134988
-0.135061
-0.135132
-0.135200
-0.135280
-0.135345
-0.135424
-0.135490
-0.135570
-0.135637
-0.135713
-0.135793
-0.135860
-0.135940
-0.136011
-0.136084
-0.136167
-0.136234
-0.136315
-0.136385
-0.136464
-0.136545
-0.136614
-0.136698
-0.136768
-0.136851
-0.136922
-0.137008
-0.137077
-0.137157
-0.137243
-0.137312
-0.137393
-0.137477
-0.137549
-0.137636
-0.137708
-0.137794
-0.137867
-0.137950
-0.138036
-0.138108
-0.138196
-0.138269
-0.138358
-0.138431
-0.138516
-0.138603
-0.138675
-0.138764
-0.138840
-0.138925
-0.139013
-0.139088
-0.139176
-0.139252
-0.139344
-0.139419
-0.139509
-0.139584
-0.139677
-0.139753
-0.139840
-0.139924
-0.140009
-0.140092
-0.140178
-0.140266
-0.140345
-0.140429
-0.140521
-0.140597
-0.140691
-0.140767
-0.140861
-0.140938
-0.141032
-0.141111
-0.141204
-0.141281
-0.141377
-0.141454
-0.141545
-0.141630
-0.141718
-0.141803
-0.141890
-0.141982
-0.142061
-0.142151
-0.142242
-0.142324
-0.142411
-0.142496
-0.142591
-0.142672
-0.142757
-0.142853
-0.142931
-0.143027
-0.143106
-0.143203
-0.143282
-0.143379
-0.143457
-0.143553
-0.143632
-0.143724
-0.143817
-0.143896
-0.143992
-0.144071
-0.144169
-0.144248
-0.144343
-0.144424
-0.144520
-0.144599
-0.144691
-0.144780
-0.144868
-0.144956
-0.145047
-0.145129
-0.145224
-0.145303
-0.145400
-0.145479
-0.145577
-0.145654
-0.145747
-0.145839
-0.145918
-0.146015
-0.146092
-0.146186
-0.146273
-0.146361
-0.146447
-0.146536
-0.146622
-0.146710
-0.146801
-0.146880
-0.146976
-0.147058
-0.147142
-0.147232
-0.147319
-0.147405
-0.147492
-0.147578
-0.147666
-0.147752
-0.147837
-0.147924
-0.148015
-0.148095
-0.148179
-0.148267
-0.148354
-0.148438
-0.148524
-0.148609
-0.148695
-0.148784
-0.148863
-0.148952
-0.149030
-0.149118
-0.149202
-0.149287
-0.149370
-0.149455
-0.149542
-0.149618
-0.149706
-0.149793
-0.149868
-0.149956
-0.150041
-0.150117
-0.150204
-0.150285
-0.150368
-0.150451
-0.150528
-0.150615
-0.150694
-0.150776
-0.150860
-0.150934
-0.151020
-0.151098
-0.151180
-0.151262
-0.151336
-0.151420
-0.151498
-0.151578
-0.151660
-0.151732
-0.151816
-0.151892
-0.151972
-0.152051
-0.152123
-0.152206
-0.152280
-0.152358
-0.152439
-0.152509
-0.152590
-0.152664
-0.152740
-0.152819
-0.152888
-0.152968
-0.153040
-0.153116
-0.153193
-0.153262
-0.153339
-0.153412
-0.153485
-0.153561
-0.153629
-0.153705
-0.153776
-0.153849
-0.153922
-0.153989
-0.154064
-0.154133
-0.154205
-0.154278
-0.154343
-0.154415
-0.154483
-0.154554
-0.154625
-0.154689
-0.154761
-0.154827
-0.154896
-0.154964
-0.155029
-0.155097
-0.155165
-0.155229
-0.155296
-0.155362
-0.155426
-0.155493
-0.155558
-0.155621
-0.155686
-0.155750
-0.155812
-0.155877
-0.155940
-0.156001
-0.156065
-0.156127
-0.156187
-0.156249
-0.156311
-0.156369
-0.156432
-0.156492
-0.156550
-0.156610
-0.156670
-0.156727
-0.156787
-0.156845
-0.156901
-0.156960
-0.157017
-0.157072
-0.157130
-0.157186
-0.157241
-0.157297
-0.157352
-0.157406
-0.157461
-0.157515
-0.157568
-0.157622
-0.157675
-0.157727
-0.157780
-0.157832
-0.157882
-0.157935
-0.157986
-0.158035
-0.158086
-0.158136
-0.158184
-0.158234
-0.158283
-0.158330
-0.158380
-0.158428
-0.158473
-0.158522
-0.158568
-0.158614
-0.158661
-0.158707
-0.158750
-0.158796
-0.158840
-0.158884
-0.158929
-0.158972
-0.159014
-0.159058
-0.159100
-0.159141
-0.159183
-0.159225
-0.159264
-0.159306
-0.159346
-0.159385
-0.159426
-0.159464
-0.159502
-0.159542
-0.159580
-0.159616
-0.159655
-0.159691
-0.159727
-0.159764
-0.159800
-0.159835
-0.159870
-0.159905
-0.159939
-0.159975
-0.160005
-0.160041
-0.160073
-0.160106
-0.160138
-0.160169
-0.160201
-0.160232
-0.160263
-0.160295
-0.160321
-0.160354
-0.160382
-0.160412
-0.160440
-0.160469
-0.160496
-0.160525
-0.160553
-0.160576
-0.160604
-0.160630
-0.160656
-0.160682
-0.160707
-0.160732
-0.160755
-0.160781
-0.160804
-0.160825
-0.160852
-0.160869
-0.160894
-0.160917
-0.160938
-0.160959
-0.160980
-0.161001
-0.161021
-0.161041
-0.161060
-0.161079
-0.161098
-0.161116
-0.161135
-0.161153
-0.161170
-0.161187
-0.161204
-0.161220
-0.161237
-0.161252
-0.161267
-0.161283
-0.161298
-0.161313
-0.161326
-0.161342
-0.161354
-0.161367
-0.161380
-0.161390
-0.161404
-0.161417
-0.161428
-0.161439
-0.161450
-0.161461
-0.161471
-0.161481
-0.161491
-0.161501
-0.161509
-0.161518
-0.161527
-0.161534
-0.161543
-0.161550
-0.161555
-0.161564
-0.161571
-0.161577
-0.161583
-0.161589
-0.161594
-0.161600
-0.161604
-0.161609
-0.161612
-0.161617
-0.161619
-0.161623
-0.161627
-0.161630
-0.161632
-0.161635
-0.161637
-0.161638
-0.161641
-0.161640
-0.161641
-0.161642
-0.161642
-0.161643
-0.161642
-0.161642
-0.161641
-0.161640
-0.161639
-0.161637
-0.161636
-0.161634
-0.161632
-0.161628
-0.161625
-0.161623
-0.161620
-0.161616
-0.161612
-0.161608
-0.161604
-0.161599
-0.161595
-0.161590
-0.161584
-0.161579
-0.161573
-0.161567
-0.161561
-0.161555
-0.161548
-0.161541
-0.161534
-0.161527
-0.161519
-0.161512
-0.161504
-0.161496
-0.161487
-0.161479
-0.161469
-0.161461
-0.161451
-0.161442
-0.161432
-0.161422
-0.161412
-0.161402
-0.161392
-0.161381
-0.161370
-0.161359
-0.161348
-0.161336
-0.161324
-0.161312
-0.161301
-0.161288
-0.161276
-0.161263
-0.161251
-0.161238
-0.161225
-0.161211
-0.161198
-0.161184
-0.161171
-0.161157
-0.161143
-0.161128
-0.161114
-0.161099
-0.161084
-0.161069
-0.161054
-0.161039
-0.161023
-0.161008
-0.160992
-0.160976
-0.160960
-0.160944
-0.160928
-0.160912
-0.160895
-0.160878
-0.160861
-0.160844
-0.160827
-0.160810
-0.160792
-0.160775
-0.160757
-0.160739
-0.160722
-0.160703
-0.160685
-0.160667
-0.160648
-0.160630
-0.160611
-0.160593
-0.160573
-0.160554
-0.160536
-0.160516
-0.160497
-0.160477
-0.160458
-0.160438
-0.160418
-0.160399
-0.160378
-0.160359
-0.160339
-0.160318
-0.160298
-0.160277
-0.160257
-0.160236
-0.160216
-0.160195
-0.160174
-0.160153
-0.160132
-0.160111
-0.160090
-0.160069
-0.160047
-0.160026
-0.160004
-0.159983
-0.159962
-0.159940
-0.159918
-0.159896
-0.159874
-0.159853
-0.159830
-0.159808
-0.159786
-0.159764
-0.159742
-0.159720
-0.159697
-0.159675
-0.159652
-0.159630
-0.159608
-0.159585
-0.159563
-0.159541
-0.159518
-0.159495
-0.159472
-0.159450
-0.159427
-0.159404
-0.159381
-0.159358
-0.159336
-0.159313
-0.159289
-0.159267
-0.159244
-0.159220
-0.159197
-0.159174
-0.159151
-0.159128
-0.159105
-0.159082
-0.159058
-0.159036
-0.159012
-0.158989
-0.158966
-0.158942
-0.158920
-0.158896
-0.158873
-0.158850
-0.158826
-0.158803
-0.158780
-0.158757
-0.158733
-0.158711
-0.158688
-0.158664
-0.158639
-0.158618
-0.158595
-0.158571
-0.158548
-0.158524
-0.158503
-0.158479
-0.158456
-0.158432
-0.158408
-0.158387
-0.158364
-0.158341
-0.158317
-0.158294
-0.158272
-0.158247
-0.158229
-0.158205
-0.158180
-0.158158
-0.158136
-0.158112
-0.158091
-0.158068
-0.158045
-0.158022
-0.158000
-0.157977
-0.157954
-0.157934
-0.157912
-0.157887
-0.157867
-0.157845
-0.157823
-0.157800
-0.157778
-0.157757
-0.157735
-0.157713
-0.157690
-0.157670
-0.157647
-0.157626
-0.157605
-0.157583
-0.157562
-0.157541
-0.157520
-0.157497
-0.157477
-0.157456
-0.157436
-0.157414
-0.157393
-0.157373
-0.157352
-0.157332
-0.157311
-0.157291
-0.157270
-0.157250
-0.157230
-0.157210
-0.157189
-0.157170
-0.157150
-0.157131
-0.157110
-0.157091
-0.157071
-0.157053
-0.157032
-0.157012
-0.156995
-0.156975
-0.156955
-0.156938
-0.156919
-0.156899
-0.156880
-0.156862
-0.156844
-0.156827
-0.156807
-0.156789
-0.156772
-0.156754
-0.156736
-0.156718
-0.156700
-0.156683
-0.156666
-0.156648
-0.156631
-0.156614
-0.156597
-0.156579
-0.156564
-0.156547
-0.156531
-0.156514
-0.156497
-0.156482
-0.156465
-0.156449
-0.156434
-0.156418
-0.156402
-0.156387
-0.156372
-0.156355
-0.156341
-0.156326
-0.156311
-0.156296
-0.156282
-0.156266
-0.156253
-0.156239
-0.156224
-0.156210
-0.156196
-0.156182
-0.156169
-0.156155
-0.156142
-0.156128
-0.156115
-0.156102
-0.156090
-0.156077
-0.156063
-0.156051
-0.156039
-0.156026
-0.156014
-0.156001
-0.155990
-0.155979
-0.155967
-0.155955
-0.155942
-0.155933
-0.155921
-0.155910
-0.155899
-0.155888
-0.155878
-0.155866
-0.155857
-0.155847
-0.155836
-0.155827
-0.155816
-0.155807
-0.155797
-0.155788
-0.155779
-0.155769
-0.155760
-0.155752
-0.155743
-0.155734
-0.155725
-0.155716
-0.155708
-0.155701
-0.155693
-0.155683
-0.155677
-0.155669
-0.155661
-0.155654
-0.155646
-0.155640
-0.155633
-0.155626
-0.155619
-0.155613
-0.155606
-0.155600
-0.155594
-0.155587
-0.155582
-0.155576
-0.155571
-0.155565
-0.155559
-0.155555
-0.155549
-0.155544
-0.155538
-0.155535
-0.155529
-0.155525
-0.155521
-0.155516
-0.155513
-0.155508
-0.155505
-0.155500
-0.155496
-0.155494
-0.155491
-0.155487
-0.155484
-0.155481
-0.155478
-0.155475
-0.155473
-0.155469
-0.155468
-0.155466
-0.155463
-0.155461
-0.155460
-0.155458
-0.155456
-0.155454
-0.155453
-0.155452
-0.155451
-0.155450
-0.155449
-0.155448
-0.155447
-0.155447
-0.155447
-0.155446
-0.155446
-0.155446
-0.155446
-0.155446
-0.155447
-0.155447
-0.155448
-0.155448
-0.155449
-0.155450
-0.155451
-0.155452
-0.155453
-0.155455
-0.155456
-0.155458
-0.155460
-0.155461
-0.155463
-0.155465
-0.155468
-0.155470
-0.155472
-0.155475
-0.155478
-0.155480
-0.155483
-0.155486
-0.155490
-0.155493
-0.155496
-0.155500
-0.155503
-0.155507
-0.155511
-0.155514
-0.155519
-0.155523
-0.155527
-0.155531
-0.155536
-0.155540
-0.155545
-0.155549
-0.155555
-0.155559
-0.155565
-0.155570
-0.155576
-0.155581
-0.155587
-0.155592
-0.155598
-0.155604
-0.155610
-0.155616
-0.155622
-0.155628
-0.155635
-0.155641
-0.155648
-0.155655
-0.155661
-0.155668
-0.155675
-0.155683
-0.155689
-0.155697
-0.155704
-0.155712
-0.155720
-0.155727
-0.155735
-0.155743
-0.155751
-0.155759
-0.155767
-0.155776
-0.155784
-0.155793
-0.155801
-0.155810
-0.155820
-0.155828
-0.155836
-0.155845
-0.155856
-0.155864
-0.155873
-0.155883
-0.155893
-0.155903
-0.155911
-0.155921
-0.155932
-0.155941
-0.155951
-0.155964
-0.155972
-0.155983
-0.155993
-0.156003
-0.156015
-0.156025
-0.156035
-0.156046
-0.156059
-0.156070
-0.156080
-0.156090
-0.156102
-0.156115
-0.156125
-0.156137
-0.156148
-0.156160
-0.156172
-0.156184
-0.156195
-0.156207
-0.156220
-0.156232
-0.156244
-0.156256
-0.156269
-0.156281
-0.156294
-0.156307
-0.156319
-0.156332
-0.156344
-0.156358
-0.156370
-0.156384
-0.156396
-0.156410
-0.156423
-0.156436
-0.156450
-0.156463
-0.156477
-0.156490
-0.156504
-0.156518
-0.156531
-0.156545
-0.156559
-0.156573
-0.156587
-0.156601
-0.156615
-0.156629
-0.156643
-0.156658
-0.156672
-0.156687
-0.156701
-0.156715
-0.156730
-0.156745
-0.156759
-0.156774
-0.156789
-0.156804
-0.156819
-0.156834
-0.156849
-0.156864
-0.156879
-0.156894
-0.156909
-0.156924
-0.156940
-0.156955
-0.156970
-0.156986
-0.157001
-0.157016
-0.157032
-0.157048
-0.157064
-0.157079
-0.157095
-0.157110
-0.157126
-0.157142
-0.157157
-0.157174
-0.157190
-0.157205
-0.157221
-0.157238
-0.157253
-0.157269
-0.157286
-0.157302
-0.157318
-0.157334
-0.157350
-0.157366
-0.157382
-0.157399
-0.157415
-0.157432
-0.157448
-0.157465
-0.157480
-0.157497
-0.157514
-0.157530
-0.157546
-0.157563
-0.157579
-0.157596
-0.157613
-0.157629
-0.157646
-0.157662
-0.157679
-0.157696
-0.157712
-0.157728
-0.157745
-0.157762
-0.157778
-0.157795
-0.157812
-0.157829
-0.157845
-0.157862
-0.157879
-0.157895
-0.157912
-0.157928
-0.157945
-0.157962
-0.157979
-0.157996
-0.158012
-0.158029
-0.158045
-0.158062
-0.158079
-0.158096
-0.158112
-0.158128
-0.158146
-0.158162
-0.158179
-0.158195
-0.158212
-0.158228
-0.158245
-0.158262
-0.158278
-0.158295
-0.158312
-0.158328
-0.158345
-0.158361
-0.158378
-0.158394
-0.158411
-0.158427
-0.158443
-0.158460
-0.158477
-0.158493
-0.158509
-0.158525
-0.158542
-0.158558
-0.158574
-0.158591
-0.158606
-0.158622
-0.158639
-0.158655
-0.158671
-0.158687
-0.158703
-0.158718
-0.158735
-0.158751
-0.158767
-0.158783
-0.158799
-0.158814
-0.158830
-0.158846
-0.158862
-0.158877
-0.158893
-0.158908
-0.158924
-0.158939
-0.158955
-0.158970
-0.158987
-0.159001
-0.159016
-0.159031
-0.159047
-0.159063
-0.159077
-0.159092
-0.159107
-0.159124
-0.159137
-0.159152
-0.159167
-0.159183
-0.159197
-0.159211
-0.159226
-0.159241
-0.159257
-0.159269
-0.159284
-0.159299
-0.159314
-0.159327
-0.159341
-0.159356
-0.159369
-0.159383
-0.159399
-0.159412
-0.159426
-0.159440
-0.159454
-0.159468
-0.159481
-0.159495
-0.159508
-0.159522
-0.159536
-0.159549
-0.159562
-0.159575
-0.159589
-0.159601
-0.159615
-0.159628
-0.159640
-0.159654
-0.159667
-0.159680
-0.159692
-0.159705
-0.159717
-0.159730
-0.159742
-0.159754
-0.159767
-0.159779
-0.159791
-0.159803
-0.159816
-0.159827
-0.159839
-0.159852
-0.159863
-0.159875
-0.159886
-0.159898
-0.159909
-0.159920
-0.159932
-0.159944
-0.159954
-0.159965
-0.159976
-0.159987
-0.159999
-0.160009
-0.160019
-0.160031
-0.160041
-0.160051
-0.160063
-0.160072
-0.160082
-0.160093
-0.160103
-0.160113
-0.160123
-0.160132
-0.160142
-0.160153
-0.160162
-0.160171
-0.160182
-0.160190
-0.160199
-0.160209
-0.160218
-0.160227
-0.160236
-0.160245
-0.160254
-0.160263
-0.160271
-0.160280
-0.160288
-0.160297
-0.160305
-0.160315
-0.160321
-0.160329
-0.160339
-0.160346
-0.160353
-0.160362
-0.160369
-0.160376
-0.160385
-0.160391
-0.160399
-0.160406
-0.160414
-0.160420
-0.160427
-0.160435
-0.160441
-0.160447
-0.160455
-0.160461
-0.160468
-0.160474
-0.160481
-0.160487
-0.160493
-0.160499
-0.160507
-0.160510
-0.160516
-0.160522
-0.160528
-0.160535
-0.160539
-0.160545
-0.160549
-0.160554
-0.160560
-0.160565
-0.160570
-0.160575
-0.160580
-0.160584
-0.160589
-0.160594
-0.160598
-0.160604
-0.160608
-0.160612
-0.160618
-0.160621
-0.160628
-0.160629
-0.160634
-0.160635
-0.160640
-0.160644
-0.160648
-0.160652
-0.160654
-0.160657
-0.160660
-0.160664
-0.160667
-0.160669
-0.160672
-0.160675
-0.160678
-0.160681
-0.160681
-0.160686
-0.160686
-0.160691
-0.160691
-0.160693
-0.160693
-0.160700
-0.160700
-0.160700
-0.160700
-0.160705
-0.160706
-0.160705
-0.160705
-0.160711
-0.160711
-0.160711
-0.160711
-0.160714
-0.160715
-0.160714
-0.160714
-0.160716
-0.160716
-0.160716
-0.160716
-0.160718
-0.160718
-0.160717
-0.160717
-0.160717
-0.160716
-0.160716
-0.160716
-0.160716
-0.160715
-0.160715
-0.160714
-0.160713
-0.160713
-0.160710
-0.160710
-0.160709
-0.160709
-0.160706
-0.160706
-0.160706
-0.160702
-0.160702
-0.160699
-0.160700
-0.160695
-0.160694
-0.160694
-0.160689
-0.160689
-0.160686
-0.160688
-0.160688
-0.160687
-0.160687
-0.160686
-0.160684
-0.160684
-0.160672
-0.160672
-0.160669
-0.160668
-0.160668
-0.160658
-0.160658
-0.160657
-0.160656
-0.160656
-0.160644
-0.160644
-0.160640
-0.160638
-0.160638
-0.160624
-0.160624
-0.160623
-0.160621
-0.160621
-0.160607
-0.160606
-0.160606
-0.160597
-0.160597
-0.160592
-0.160592
-0.160577
-0.160575
-0.160575
-0.160567
-0.160567
-0.160560
-0.160557
-0.160557
-0.160538
-0.160537
-0.160537
-0.160529
-0.160529
-0.160522
-0.160522
-0.160503
-0.160502
-0.160502
-0.160490
-0.160490
-0.160485
-0.160480
-0.160480
-0.160459
-0.160460
-0.160447
-0.160441
-0.160441
-0.160422
-0.160421
-0.160421
-0.160405
-0.160405
-0.160398
-0.160398
-0.160376
-0.160375
-0.160375
-0.160360
-0.160360
-0.160352
-0.160345
-0.160345
-0.160322
-0.160322
-0.160316
-0.160310
-0.160310
-0.160289
-0.160289
-0.160281
-0.160275
-0.160275
-0.160251
-0.160251
-0.160245
-0.160238
-0.160238
-0.160215
-0.160214
-0.160214
-0.160193
-0.160193
-0.160185
-0.160185
-0.160162
-0.160159
-0.160159
-0.160140
-0.160140
-0.160129
-0.160122
-0.160122
-0.160098
-0.160098
-0.160087
-0.160082
-0.160082
-0.160056
-0.160055
-0.160055
-0.160034
-0.160034
-0.160022
-0.160022
-0.160000
-0.159996
-0.159997
-0.159975
-0.159973
-0.159973
-0.159945
-0.159945
-0.159940
-0.159940
-0.159911
-0.159909
-0.159909
-0.159889
-0.159889
-0.159874
-0.159869
-0.159869
-0.159842
-0.159842
-0.159829
-0.159823
-0.159823
-0.159798
-0.159795
-0.159795
-0.159770
-0.159770
-0.159759
-0.159759
-0.159735
-0.159731
-0.159731
-0.159708
-0.159706
-0.159706
-0.159677
-0.159677
-0.159669
-0.159669
-0.159641
-0.159638
-0.159638
-0.159615
-0.159613
-0.159613
-0.159585
-0.159585
-0.159576
-0.159576
-0.159540
-0.159540
-0.159540
-0.159526
-0.159526
-0.159500
-0.159500
-0.159484
-0.159477
-0.159477
-0.159452
-0.159452
-0.159436
-0.159430
-0.159430
-0.159403
-0.159401
-0.159401
-0.159374
-0.159374
-0.159362
-0.159362
-0.159339
-0.159334
-0.159334
-0.159309
-0.159306
-0.159306
-0.159278
-0.159278
-0.159271
-0.159271
-0.159232
-0.159232
-0.159232
-0.159227
-0.159227
-0.159187
-0.159187
-0.159185
-0.159176
-0.159176
-0.159147
-0.159147
-0.159131
-0.159126
-0.159126
-0.159099
-0.159097
-0.159097
-0.159070
-0.159070
-0.159059
-0.159059
-0.159035
-0.159030
-0.159030
-0.159006
-0.159003
-0.159003
-0.158976
-0.158976
-0.158966
-0.158966
-0.158943
-0.158938
-0.158938
-0.158914
-0.158911
-0.158911
-0.158884
-0.158884
-0.158878
-0.158878
-0.158842
-0.158842
-0.158842
-0.158833
-0.158833
-0.158800
-0.158800
-0.158795
-0.158785
-0.158785
-0.158759
-0.158757
-0.158757
-0.158732
-0.158732
-0.158722
-0.158722
-0.158700
-0.158695
-0.158695
-0.158672
-0.158672
-0.158658
-0.158653
-0.158653
-0.158629
-0.158627
-0.158627
-0.158600
-0.158600
-0.158597
-0.158597
-0.158564
-0.158564
-0.158564
-0.158553
-0.158553
-0.158525
-0.158524
-0.158524
-0.158506
-0.158506
-0.158497
-0.158497
-0.158460
-0.158461
-0.158461
-0.158460
-0.158460
-0.158428
-0.158427
-0.158427
-0.158414
-0.158414
-0.158392
-0.158389
-0.158389
-0.158372
-0.158367
-0.158367
-0.158348
-0.158348
-0.158334
-0.158331
-0.158331
-0.158310
-0.158310
-0.158297
-0.158293
-0.158293
-0.158274
-0.158274
-0.158262
-0.158257
-0.158257
-0.158238
-0.158235
-0.158235
-0.158215
-0.158215
-0.158206
-0.158204
-0.158204
-0.158178
-0.158178
-0.158175
-0.158175
-0.158152
-0.158152
-0.158152
-0.158141
-0.158141
-0.158120
-0.158119
-0.158119
-0.158105
-0.158105
-0.158092
-0.158090
-0.158090
-0.158072
-0.158072
-0.158062
-0.158059
-0.158059
-0.158043
-0.158043
-0.158031
-0.158028
-0.158028
-0.158017
-0.158013
-0.158013
-0.157991
-0.157991
-0.157990
-0.157990
-0.157975
-0.157974
-0.157974
-0.157960
-0.157960
-0.157946
-0.157945
-0.157945
-0.157932
-0.157932
-0.157927
-0.157927
-0.157905
-0.157905
-0.157905
-0.157904
-0.157904
-0.157886
-0.157886
-0.157882
-0.157877
-0.157877
-0.157864
-0.157862
-0.157862
-0.157848
-0.157848
-0.157846
-0.157846
-0.157832
-0.157830
-0.157830
-0.157824
-0.157824
-0.157810
-0.157808
-0.157808
-0.157802
-0.157802
-0.157792
-0.157792
-0.157788
-0.157783
-0.157783
-0.157775
-0.157773
-0.157772
-0.157758
-0.157758
-0.157757
-0.157757
-0.157750
-0.157748
-0.157748
-0.157741
-0.157741
-0.157730
-0.157728
-0.157728
-0.157725
-0.157725
-0.157717
-0.157715
-0.157715
-0.157710
-0.157710
-0.157701
-0.157700
-0.157700
-0.157697
-0.157697
-0.157689
-0.157688
-0.157688
-0.157684
-0.157684
-0.157677
-0.157675
-0.157675
-0.157672
-0.157670
-0.157670
-0.157663
-0.157663
-0.157662
-0.157662
-0.157654
-0.157653
-0.157653
-0.157652
-0.157652
-0.157646
-0.157646
-0.157646
-0.157643
-0.157643
-0.157638
-0.157637
-0.157637
-0.157635
-0.157635
-0.157633
-0.157633
-0.157626
-0.157626
-0.157626
-0.157626
-0.157626
-0.157625
-0.157624
-0.157624
-0.157622
-0.157622
-0.157618
-0.157617
-0.157617
-0.157616
-0.157616
-0.157614
-0.157614
-0.157614
-0.157614
-0.157614
-0.157613
-0.157613
-0.157610
-0.157609
-0.157609
-0.157609
-0.157609
-0.157610
-0.157610
-0.157610
-0.157610
-0.157610
-0.157608
-0.157608
-0.157608
-0.157609
-0.157609
-0.157609
-0.157609
-0.157610
-0.157610
-0.157610
-0.157611
-0.157611
-0.157607
-0.157607
-0.157607
-0.157611
-0.157611
-0.157611
-0.157613
-0.157613
-0.157612
-0.157612
-0.157614
-0.157614
-0.157614
-0.157614
-0.157614
-0.157617
-0.157617
-0.157617
-0.157621
-0.157621
-0.157622
-0.157622
-0.157626
-0.157626
-0.157626
-0.157626
-0.157626
-0.157629
-0.157629
-0.157629
-0.157634
-0.157634
-0.157637
-0.157637
-0.157640
-0.157640
-0.157640
-0.157644
-0.157644
-0.157646
-0.157647
-0.157647
-0.157653
-0.157653
-0.157654
-0.157656
-0.157656
-0.157661
-0.157661
-0.157661
-0.157666
-0.157666
-0.157667
-0.157667
-0.157677
-0.157677
-0.157677
-0.157678
-0.157678
-0.157682
-0.157683
-0.157683
-0.157693
-0.157693
-0.157694
-0.157694
-0.157701
-0.157701
-0.157701
-0.157704
-0.157704
-0.157710
-0.157711
-0.157711
-0.157722
-0.157721
-0.157722
-0.157722
-0.157730
-0.157731
-0.157731
-0.157733
-0.157733
-0.157742
-0.157743
-0.157743
-0.157751
-0.157751
-0.157753
-0.157753
-0.157765
-0.157765
-0.157765
-0.157767
-0.157767
-0.157774
-0.157775
-0.157775
-0.157786
-0.157786
-0.157789
-0.157789
-0.157800
-0.157800
-0.157800
-0.157803
-0.157803
-0.157811
-0.157812
-0.157812
-0.157823
-0.157823
-0.157825
-0.157825
-0.157838
-0.157838
-0.157838
-0.157841
-0.157841
-0.157851
-0.157851
-0.157851
-0.157861
-0.157861
-0.157865
-0.157865
-0.157878
-0.157879
-0.157879
-0.157881
-0.157881
-0.157892
-0.157892
-0.157892
-0.157902
-0.157902
-0.157906
-0.157906
-0.157920
-0.157921
-0.157921
-0.157924
-0.157924
-0.157935
-0.157936
-0.157936
-0.157943
-0.157943
-0.157952
-0.157951
-0.157963
-0.157965
-0.157965
-0.157972
-0.157972
-0.157980
-0.157981
-0.157981
-0.157995
-0.157995
-0.157997
-0.157997
-0.158011
-0.158012
-0.158012
-0.158015
-0.158015
-0.158028
-0.158029
-0.158029
-0.158038
-0.158038
-0.158043
-0.158043
-0.158060
-0.158060
-0.158060
-0.158062
-0.158062
-0.158073
-0.158074
-0.158074
-0.158086
-0.158086
-0.158090
-0.158090
-0.158106
-0.158107
-0.158107
-0.158109
-0.158109
-0.158120
-0.158121
-0.158121
-0.158132
-0.158132
-0.158137
-0.158137
-0.158153
-0.158154
-0.158154
-0.158156
-0.158156
-0.158168
-0.158169
-0.158169
-0.158179
-0.158179
-0.158183
-0.158183
-0.158201
-0.158201
-0.158201
-0.158203
-0.158203
-0.158213
-0.158214
-0.158214
-0.158226
-0.158226
-0.158231
-0.158231
-0.158247
-0.158247
-0.158247
-0.158249
-0.158249
-0.158259
-0.158260
-0.158260
-0.158273
-0.158273
-0.158277
-0.158277
-0.158292
-0.158293
-0.158292
-0.158294
-0.158294
-0.158305
-0.158306
-0.158306
-0.158317
-0.158317
-0.158321
-0.158321
-0.158337
-0.158338
-0.158338
-0.158339
-0.158339
-0.158349
-0.158349
-0.158353
-0.158357
-0.158357
-0.158373
-0.158373
-0.158374
-0.158375
-0.158375
-0.158387
-0.158387
-0.158388
-0.158388
-0.158402
-0.158403
-0.158403
-0.158411
-0.158411
-0.158414
-0.158414
-0.158428
-0.158428
-0.158428
-0.158431
-0.158431
-0.158441
-0.158441
-0.158446
-0.158448
-0.158448
-0.158461
-0.158461
-0.158462
-0.158464
-0.158464
-0.158477
-0.158477
-0.158478
-0.158478
-0.158486
-0.158486
-0.158493
-0.158494
-0.158494
-0.158503
-0.158503
-0.158508
-0.158509
-0.158509
-0.158519
-0.158519
-0.158521
-0.158523
-0.158523
-0.158536
-0.158536
-0.158537
-0.158537
-0.158544
-0.158544
-0.158544
-0.158553
-0.158553
-0.158555
-0.158555
-0.158568
-0.158568
-0.158568
-0.158570
-0.158570
-0.158577
-0.158577
-0.158580
-0.158582
-0.158582
-0.158594
-0.158594
-0.158595
-0.158596
-0.158596
-0.158605
-0.158605
-0.158606
-0.158606
-0.158613
-0.158613
-0.158618
-0.158619
-0.158619
-0.158625
-0.158625
-0.158628
-0.158630
-0.158630
-0.158638
-0.158638
-0.158639
-0.158639
-0.158645
-0.158646
-0.158646
-0.158650
-0.158650
-0.158654
-0.158654
-0.158663
-0.158664
-0.158664
-0.158665
-0.158665
-0.158668
-0.158669
-0.158669
-0.158674
-0.158674
-0.158677
-0.158677
-0.158686
-0.158686
-0.158686
-0.158687
-0.158687
-0.158689
-0.158690
-0.158690
-0.158694
-0.158694
-0.158697
-0.158697
-0.158704
-0.158705
-0.158705
-0.158705
-0.158705
-0.158709
-0.158709
-0.158711
-0.158711
-0.158711
-0.158716
-0.158716
-0.158718
-0.158718
-0.158722
-0.158722
-0.158722
-0.158725
-0.158725
-0.158726
-0.158726
-0.158731
-0.158731
-0.158731
-0.158732
-0.158732
-0.158735
-0.158735
-0.158736
-0.158736
-0.158736
-0.158740
-0.158740
-0.158741
-0.158741
-0.158743
-0.158744
-0.158744
-0.158746
-0.158746
-0.158747
-0.158748
-0.158748
-0.158749
-0.158749
-0.158749
-0.158749
-0.158752
-0.158752
-0.158752
-0.158753
-0.158753
-0.158754
-0.158754
-0.158755
-0.158756
-0.158756
-0.158756
-0.158756
-0.158757
-0.158757
-0.158758
-0.158758
-0.158758
-0.158759
-0.158759
-0.158759
-0.158759
-0.158759
-0.158760
-0.158760
-0.158760
-0.158760
-0.158760
-0.158760
-0.158760
-0.158761
-0.158761
-0.158760
-0.158760
-0.158760
-0.158760
-0.158760
-0.158760
-0.158760
-0.158760
-0.158760
-0.158760
-0.158760
-0.158760
-0.158760
-0.158760
-0.158758
-0.158758
-0.158758
-0.158758
-0.158758
-0.158757
-0.158757
-0.158756
-0.158756
-0.158756
-0.158756
-0.158754
-0.158754
-0.158754
-0.158753
-0.158753
-0.158752
-0.158752
-0.158752
-0.158750
-0.158750
-0.158750
-0.158750
-0.158746
-0.158746
-0.158746
-0.158746
-0.158746
-0.158743
-0.158744
-0.158743
-0.158742
-0.158742
-0.158740
-0.158740
-0.158739
-0.158739
-0.158736
-0.158736
-0.158736
-0.158734
-0.158734
-0.158733
-0.158733
-0.158729
-0.158728
-0.158728
-0.158728
-0.158728
-0.158724
-0.158724
-0.158722
-0.158722
-0.158722
-0.158719
-0.158719
-0.158718
-0.158718
-0.158714
-0.158713
-0.158713
-0.158711
-0.158711
-0.158707
-0.158707
-0.158705
-0.158705
-0.158705
-0.158700
-0.158700
-0.158700
-0.158700
-0.158695
-0.158694
-0.158694
-0.158693
-0.158693
-0.158687
-0.158687
-0.158687
-0.158686
-0.158686
-0.158680
-0.158680
-0.158679
-0.158678
-0.158678
-0.158672
-0.158672
-0.158671
-0.158671
-0.158667
-0.158667
-0.158664
-0.158663
-0.158663
-0.158657
-0.158657
-0.158656
-0.158655
-0.158655
-0.158647
-0.158647
-0.158646
-0.158646
-0.158643
-0.158643
-0.158641
-0.158640
-0.158640
-0.158633
-0.158633
-0.158632
-0.158632
-0.158623
-0.158623
-0.158623
-0.158622
-0.158622
-0.158617
-0.158617
-0.158615
-0.158614
-0.158614
-0.158605
-0.158605
-0.158604
-0.158604
-0.158598
-0.158597
-0.158597
-0.158595
-0.158595
-0.158587
-0.158587
-0.158586
-0.158585
-0.158585
-0.158577
-0.158577
-0.158576
-0.158576
-0.158570
-0.158570
-0.158568
-0.158566
-0.158566
-0.158558
-0.158558
-0.158557
-0.158557
-0.158551
-0.158551
-0.158551
-0.158547
-0.158547
-0.158538
-0.158538
-0.158538
-0.158537
-0.158537
-0.158529
-0.158529
-0.158528
-0.158528
-0.158520
-0.158520
-0.158519
-0.158516
-0.158516
-0.158508
-0.158508
-0.158507
-0.158507
-0.158501
-0.158500
-0.158500
-0.158497
-0.158497
-0.158487
-0.158487
-0.158486
-0.158486
-0.158483
-0.158482
-0.158482
-0.158476
-0.158476
-0.158466
-0.158466
-0.158465
-0.158464
-0.158464
-0.158459
-0.158459
-0.158457
-0.158457
-0.158448
-0.158447
-0.158447
-0.158444
-0.158444
-0.158436
-0.158436
-0.158434
-0.158433
-0.158433
-0.158425
-0.158425
-0.158424
-0.158424
-0.158417
-0.158416
-0.158416
-0.158412
-0.158412
-0.158403
-0.158403
-0.158402
-0.158401
-0.158401
-0.158394
-0.158394
-0.158392
-0.158392
-0.158384
-0.158384
-0.158383
-0.158381
-0.158381
-0.158372
-0.158372
-0.158371
-0.158371
-0.158365
-0.158364
-0.158364
-0.158361
-0.158361
-0.158350
-0.158350
-0.158349
-0.158349
-0.158347
-0.158345
-0.158345
-0.158341
-0.158341
-0.158329
-0.158329
-0.158329
-0.158328
-0.158328
-0.158324
-0.158324
-0.158322
-0.158322
-0.158312
-0.158311
-0.158311
-0.158309
-0.158309
-0.158302
-0.158302
-0.158300
-0.158299
-0.158299
-0.158290
-0.158290
-0.158290
-0.158290
-0.158284
-0.158283
-0.158283
-0.158280
-0.158280
-0.158274
-0.158274
-0.158269
-0.158269
-0.158263
-0.158262
-0.158262
-0.158261
-0.158261
-0.158256
-0.158256
-0.158253
-0.158250
-0.158250
-0.158242
-0.158242
-0.158241
-0.158241
-0.158238
-0.158237
-0.158237
-0.158234
-0.158234
-0.158228
-0.158228
-0.158223
-0.158223
-0.158217
-0.158216
-0.158216
-0.158216
-0.158216
-0.158211
-0.158211
-0.158208
-0.158205
-0.158205
-0.158198
-0.158198
-0.158197
-0.158197
-0.158194
-0.158193
-0.158193
-0.158191
-0.158191
-0.158185
-0.158185
-0.158181
-0.158181
-0.158175
-0.158174
-0.158174
-0.158174
-0.158174
-0.158169
-0.158169
-0.158168
-0.158166
-0.158166
-0.158159
-0.158159
-0.158158
-0.158158
-0.158154
-0.158154
-0.158154
-0.158152
-0.158151
-0.158147
-0.158147
-0.158143
-0.158143
-0.158138
-0.158137
-0.158137
-0.158137
-0.158137
-0.158135
-0.158135
-0.158131
-0.158128
-0.158128
-0.158124
-0.158124
-0.158123
-0.158123
-0.158121
-0.158120
-0.158120
-0.158118
-0.158118
-0.158114
-0.158114
-0.158110
-0.158108
-0.158108
-0.158106
-0.158106
-0.158105
-0.158105
-0.158102
-0.158102
-0.158100
-0.158098
-0.158098
-0.158094
-0.158094
-0.158094
-0.158094
-0.158091
-0.158091
-0.158090
-0.158089
-0.158089
-0.158084
-0.158084
-0.158084
-0.158084
-0.158081
-0.158081
-0.158080
-0.158078
-0.158078
-0.158075
-0.158075
-0.158074
-0.158074
-0.158072
-0.158072
-0.158071
-0.158070
-0.158070
-0.158066
-0.158066
-0.158066
-0.158066
-0.158063
-0.158063
-0.158063
-0.158061
-0.158061
-0.158059
-0.158059
-0.158058
-0.158058
-0.158057
-0.158056
-0.158056
-0.158055
-0.158055
-0.158053
-0.158053
-0.158051
-0.158051
-0.158048
-0.158048
-0.158048
-0.158047
-0.158047
-0.158047
-0.158047
-0.158047
-0.158046
-0.158046
-0.158045
-0.158045
-0.158043
-0.158043
-0.158040
-0.158040
-0.158040
-0.158040
-0.158040
-0.158039
-0.158039
-0.158039
-0.158039
-0.158037
-0.158037
-0.158037
-0.158037
-0.158037
-0.158036
-0.158036
-0.158035
-0.158035
-0.158033
-0.158033
-0.158033
-0.158032
-0.158032
-0.158032
-0.158032
-0.158032
-0.158032
-0.158032
-0.158032
-0.158032
-0.158031
-0.158031
-0.158030
-0.158030
-0.158030
-0.158030
-0.158029
-0.158029
-0.158029
-0.158029
-0.158029
-0.158029
-0.158029
-0.158029
-0.158029
-0.158030
-0.158030
-0.158029
-0.158029
-0.158029
-0.158029
-0.158029
-0.158029
-0.158029
-0.158029
-0.158029
-0.158028
-0.158028
-0.158028
-0.158029
-0.158029
-0.158030
-0.158030
-0.158031
-0.158031
-0.158030
-0.158030
-0.158030
-0.158030
-0.158030
-0.158031
-0.158031
-0.158031
-0.158031
-0.158031
-0.158032
-0.158032
-0.158032
-0.158032
-0.158033
-0.158033
-0.158034
-0.158034
-0.158034
-0.158035
-0.158035
-0.158035
-0.158035
-0.158036
-0.158036
-0.158036
-0.158036
-0.158038
-0.158038
-0.158038
-0.158038
-0.158038
-0.158039
-0.158039
-0.158040
-0.158040
-0.158042
-0.158042
-0.158042
-0.158043
-0.158043
-0.158043
-0.158043
-0.158045
-0.158045
-0.158045
-0.158046
-0.158046
-0.158047
-0.158047
-0.158050
-0.158050
-0.158051
-0.158051
-0.158051
-0.158051
-0.158051
-0.158051
-0.158051
-0.158055
-0.158055
-0.158055
-0.158055
-0.158057
-0.158057
-0.158057
-0.158058
-0.158058
-0.158060
-0.158060
-0.158062
-0.158062
-0.158064
-0.158064
-0.158064
-0.158065
-0.158065
-0.158067
-0.158067
-0.158068
-0.158068
-0.158070
-0.158071
-0.158071
-0.158071
-0.158071
-0.158076
-0.158076
-0.158076
-0.158076
-0.158078
-0.158078
-0.158078
-0.158078
-0.158078
-0.158083
-0.158083
-0.158084
-0.158084
-0.158085
-0.158086
-0.158086
-0.158086
-0.158086
-0.158090
-0.158090
-0.158092
-0.158092
-0.158093
-0.158095
-0.158095
-0.158096
-0.158096
-0.158100
-0.158100
-0.158101
-0.158101
-0.158101
-0.158103
-0.158103
-0.158103
-0.158103
-0.158109
-0.158109
-0.158110
-0.158111
-0.158111
-0.158112
-0.158112
-0.158115
-0.158115
-0.158116
-0.158116
-0.158119
-0.158119
-0.158119
-0.158122
-0.158122
-0.158124
-0.158124
-0.158126
-0.158126
-0.158128
-0.158129
-0.158129
-0.158132
-0.158132
-0.158134
-0.158134
-0.158136
-0.158136
-0.158136
-0.158139
-0.158139
-0.158142
-0.158142
-0.158144
-0.158144
-0.158146
-0.158147
-0.158147
-0.158149
-0.158149
-0.158152
-0.158152
-0.158154
-0.158154
-0.158155
-0.158157
-0.158157
-0.158159
-0.158159
-0.158162
-0.158162
-0.158164
-0.158166
-0.158166
-0.158167
-0.158167
-0.158172
-0.158172
-0.158172
-0.158172
-0.158174
-0.158175
-0.158175
-0.158178
-0.158178
-0.158180
-0.158180
-0.158183
-0.158183
-0.158184
-0.158187
-0.158187
-0.158189
-0.158189
-0.158191
-0.158191
-0.158194
-0.158195
-0.158195
-0.158197
-0.158197
-0.158199
-0.158199
-0.158201
-0.158201
-0.158204
-0.158205
-0.158205
-0.158208
-0.158208
-0.158210
-0.158210
-0.158216
-0.158215
-0.158215
-0.158215
-0.158215
-0.158217
-0.158217
-0.158220
-0.158220
-0.158221
-0.158225
-0.158225
-0.158227
-0.158227
-0.158232
-0.158232
-0.158231
-0.158231
-0.158231
-0.158233
-0.158233
-0.158236
-0.158236
-0.158239
-0.158239
-0.158242
-0.158244
-0.158244
-0.158246
-0.158246
-0.158247
-0.158247
-0.158249
-0.158251
-0.158251
-0.158253
-0.158253
-0.158255
-0.158255
-0.158258
-0.158258
-0.158261
-0.158262
-0.158262
-0.158263
-0.158263
-0.158266
-0.158266
-0.158267
-0.158268
-0.158268
-0.158270
-0.158270
-0.158275
-0.158275
-0.158276
-0.158276
-0.158278
-0.158278
-0.158278
-0.158284
-0.158284
-0.158282
-0.158282
-0.158287
-0.158286
-0.158286
-0.158287
-0.158287
-0.158289
-0.158289
-0.158292
-0.158292
-0.158295
-0.158297
-0.158297
-0.158298
-0.158298
-0.158301
-0.158301
-0.158301
-0.158302
-0.158302
-0.158304
-0.158304
-0.158310
-0.158310
-0.158309
-0.158309
-0.158310
-0.158310
-0.158310
-0.158312
-0.158312
-0.158316
-0.158316
-0.158323
-0.158321
-0.158321
-0.158320
-0.158320
-0.158320
-0.158320
-0.158323
-0.158324
-0.158324
-0.158326
-0.158326
-0.158329
-0.158329
-0.158336
-0.158336
-0.158333
-0.158332
-0.158332
-0.158333
-0.158333
-0.158339
-0.158339
-0.158338
-0.158338
-0.158338
-0.158340
-0.158340
-0.158347
-0.158347
-0.158344
-0.158344
-0.158344
-0.158345
-0.158345
-0.158347
-0.158347
-0.158353
-0.158352
-0.158352
-0.158352
-0.158352
-0.158357
-0.158357
-0.158354
-0.158354
-0.158355
-0.158355
-0.158355
-0.158362
-0.158362
-0.158361
-0.158361
-0.158361
-0.158361
-0.158361
-0.158366
-0.158366
-0.158365
-0.158365
-0.158368
-0.158367
-0.158367
-0.158367
-0.158367
-0.158374
-0.158374
-0.158371
-0.158370
-0.158370
-0.158377
-0.158377
-0.158373
-0.158373
-0.158374
-0.158374
-0.158374
-0.158382
-0.158382
-0.158378
-0.158378
-0.158379
-0.158378
-0.158378
-0.158386
-0.158386
-0.158382
-0.158382
-0.158386
-0.158383
-0.158383
-0.158383
-0.158383
-0.158390
-0.158390
-0.158387
-0.158386
-0.158386
-0.158391
-0.158391
-0.158389
-0.158389
-0.158393
-0.158390
-0.158390
-0.158395
-0.158395
-0.158393
-0.158393
-0.158390
-0.158394
-0.158394
-0.158392
-0.158392
-0.158400
-0.158400
-0.158395
-0.158394
-0.158394
-0.158401
-0.158401
-0.158397
-0.158397
-0.158401
-0.158398
-0.158398
-0.158397
-0.158397
-0.158404
-0.158404
-0.158400
-0.158403
-0.158403
-0.158400
-0.158400
-0.158405
-0.158401
-0.158401
-0.158407
-0.158407
-0.158402
-0.158402
-0.158407
-0.158403
-0.158403
-0.158408
-0.158408
-0.158403
-0.158403
-0.158408
-0.158404
-0.158404
-0.158409
-0.158409
-0.158404
-0.158404
-0.158410
-0.158406
-0.158406
-0.158410
-0.158410
-0.158406
-0.158406
-0.158412
-0.158407
-0.158407
-0.158410
-0.158410
-0.158406
-0.158406
-0.158410
-0.158407
-0.158407
-0.158413
-0.158413
-0.158408
-0.158408
-0.158412
-0.158407
-0.158407
-0.158410
-0.158410
-0.158407
-0.158407
-0.158412
-0.158409
-0.158409
-0.158412
-0.158412
-0.158408
-0.158408
-0.158411
-0.158411
-0.158411
-0.158407
-0.158407
-0.158412
-0.158412
-0.158406
-0.158410
-0.158410
-0.158406
-0.158406
-0.158411
-0.158408
-0.158408
-0.158413
-0.158413
-0.158407
-0.158407
-0.158410
-0.158410
-0.158404
-0.158406
-0.158406
-0.158404
-0.158404
-0.158409
-0.158407
-0.158407
-0.158412
-0.158412
-0.158406
-0.158407
-0.158407
-0.158402
-0.158402
-0.158406
-0.158403
-0.158403
-0.158409
-0.158409
-0.158403
-0.158403
-0.158408
-0.158408
-0.158406
-0.158405
-0.158405
-0.158404
-0.158404
-0.158403
-0.158403
-0.158403
-0.158403
-0.158403
-0.158402
-0.158400
-0.158394
-0.158395
-0.158397
-0.158398
-0.158400
-0.158398
-0.158398
-0.158403
-0.158400
-0.158397
-0.158396
-0.158402
-0.158398
-0.158395
-0.158394
-0.158394
-0.158399
-0.158397
-0.158400
-0.158396
-0.158393
-0.158397
-0.158393
-0.158396
-0.158392
-0.158394
-0.158391
-0.158389
-0.158395
-0.158391
-0.158394
-0.158390
-0.158393
-0.158389
-0.158387
-0.158392
-0.158388
-0.158391
-0.158387
-0.158385
-0.158390
-0.158386
-0.158389
-0.158385
-0.158388
-0.158384
-0.158387
-0.158383
-0.158385
-0.158382
-0.158385
-0.158381
-0.158384
-0.158380
-0.158383
-0.158379
-0.158383
-0.158378
-0.158381
-0.158377
-0.158381
-0.158376
-0.158380
-0.158376
-0.158379
-0.158375
-0.158378
-0.158374
-0.158377
-0.158373
-0.158376
-0.158372
-0.158375
-0.158371
-0.158374
-0.158370
-0.158373
-0.158369
-0.158372
-0.158368
-0.158371
-0.158367
-0.158371
-0.158366
-0.158369
-0.158365
-0.158368
-0.158363
-0.158367
-0.158365
-0.158362
-0.158366
-0.158361
-0.158365
-0.158360
-0.158364
-0.158363
-0.158359
-0.158361
-0.158357
-0.158361
-0.158356
-0.158360
-0.158356
-0.158359
-0.158355
-0.158356
-0.158353
-0.158357
-0.158353
-0.158356
-0.158351
-0.158355
-0.158353
-0.158349
-0.158352
-0.158348
-0.158350
-0.158347
-0.158352
-0.158348
-0.158350
-0.158349
-0.158344
-0.158347
-0.158346
-0.158346
-0.158342
-0.158345
-0.158344
-0.158340
-0.158344
-0.158343
-0.158338
-0.158342
-0.158341
-0.158337
-0.158340
-0.158339
-0.158338
-0.158334
-0.158338
-0.158337
-0.158337
-0.158332
-0.158336
-0.158335
-0.158330
-0.158334
-0.158333
-0.158332
-0.158331
-0.158327
-0.158331
-0.158331
-0.158326
-0.158330
-0.158329
-0.158328
-0.158323
-0.158326
-0.158323
-0.158326
-0.158323
-0.158326
-0.158322
-0.158326
-0.158324
-0.158323
-0.158318
-0.158321
-0.158321
-0.158320
-0.158319
-0.158318
-0.158314
-0.158317
-0.158314
-0.158317
-0.158318
-0.158317
-0.158315
-0.158314
-0.158310
-0.158312
-0.158309
-0.158314
-0.158312
-0.158308
-0.158310
-0.158311
-0.158310
-0.158309
-0.158304
-0.158307
-0.158308
-0.158308
-0.158303
-0.158305
-0.158306
-0.158305
-0.158300
-0.158302
-0.158303
-0.158299
-0.158302
-0.158303
-0.158302
-0.158300
-0.158299
-0.158298
-0.158298
-0.158297
-0.158297
-0.158296
-0.158296
-0.158296
-0.158294
-0.158295
-0.158294
-0.158294
-0.158293
-0.158288
-0.158291
-0.158294
-0.158288
-0.158291
-0.158291
-0.158292
-0.158291
-0.158285
-0.158288
-0.158288
-0.158288
-0.158287
-0.158283
-0.158285
-0.158287
-0.158286
-0.158285
-0.158284
-0.158283
-0.158282
-0.158282
-0.158282
-0.158281
-0.158281
-0.158280
-0.158279
-0.158279
-0.158279
-0.158278
-0.158278
-0.158276
-0.158277
-0.158276
-0.158276
-0.158276
-0.158275
-0.158275
-0.158274
-0.158273
-0.158269
-0.158272
-0.158273
-0.158275
-0.158273
-0.158268
-0.158270
-0.158270
-0.158273
-0.158271
-0.158270
-0.158268
-0.158268
-0.158268
-0.158267
-0.158267
-0.158265
-0.158265
-0.158267
-0.158266
-0.158265
-0.158264
-0.158263
-0.158264
-0.158263
-0.158263
-0.158262
-0.158262
-0.158263
-0.158262
-0.158261
-0.158259
-0.158259
-0.158261
-0.158261
-0.158260
-0.158258
-0.158258
-0.158259
-0.158258
-0.158258
-0.158256
-0.158256
-0.158257
-0.158255
-0.158256
-0.158254
-0.158255
-0.158256
-0.158254
-0.158255
-0.158252
-0.158253
-0.158253
-0.158254
-0.158253
-0.158251
-0.158251
-0.158252
-0.158251
-0.158242
-0.158243
-0.158246
-0.158249
-0.158252
-0.158256
-0.158261
-0.158260
-0.158258
-0.158247
-0.158224
-0.158228
-0.158241
-0.158284
-0.158268
-0.158207
-0.158227
-0.158279
-0.158270
-0.158220
-0.158224
-0.158240
-0.158271
-0.158260
-0.158248
-0.158209
-0.158226
-0.158242
-0.158255
-0.158260
-0.158258
-0.158256
-0.158248
-0.158200
-0.158218
-0.158238
-0.158254
-0.158257
-0.158254
-0.158249
-0.158242
-0.158217
-0.158228
-0.158238
-0.158257
-0.158257
-0.158235
-0.158236
-0.158241
-0.158241
-0.158242
-0.158240
-0.158228
-0.158235
-0.158240
-0.158241
-0.158243
-0.158241
-0.158236
-0.158235
-0.158234
-0.158238
-0.158243
-0.158241
-0.158240
-0.158238
-0.158236
-0.158234
-0.158233
-0.158233
-0.158232
-0.158236
-0.158236
-0.158234
-0.158235
-0.158236
-0.158243
-0.158240
-0.158236
-0.158234
-0.158226
-0.158228
-0.158234
-0.158237
-0.158239
-0.158248
-0.158246
-0.158236
-0.158209
-0.158218
-0.158233
-0.158241
-0.158242
-0.158247
-0.158242
-0.158238
-0.158228
-0.158228
-0.158229
-0.158228
-0.158238
-0.158235
-0.158230
-0.158235
-0.158231
-0.158234
-0.158238
-0.158237
-0.158237
-0.158237
-0.158231
-0.158238
-0.158236
-0.158234
-0.158228
-0.158221
-0.158226
-0.158248
-0.158242
-0.158238
-0.158236
-0.158233
-0.158215
-0.158223
-0.158231
-0.158236
-0.158243
-0.158243
-0.158230
-0.158232
-0.158233
-0.158233
-0.158240
-0.158235
-0.158234
-0.158232
-0.158232
-0.158232
-0.158244
-0.158239
-0.158236
-0.158236
-0.158212
-0.158224
-0.158251
-0.158250
-0.158220
-0.158223
-0.158230
-0.158239
-0.158243
-0.158229
-0.158235
-0.158252
-0.158244
-0.158234
-0.158233
-0.158225
-0.158227
-0.158233
-0.158238
-0.158241
-0.158242
-0.158233
-0.158233
-0.158239
-0.158240
-0.158243
-0.158242
-0.158216
-0.158229
-0.158251
-0.158249
-0.158241
-0.158237
-0.158221
-0.158231
-0.158247
-0.158247
-0.158237
-0.158237
-0.158240
-0.158236
-0.158241
-0.158237
-0.158242
-0.158237
-0.158239
-0.158236
-0.158245
-0.158241
-0.158235
-0.158240
-0.158247
-0.158242
-0.158235
-0.158239
-0.158247
-0.158242
-0.158241
-0.158237
-0.158244
-0.158240
-0.158243
-0.158240
-0.158246
-0.158242
-0.158242
-0.158240
-0.158250
-0.158245
-0.158241
-0.158239
-0.158243
-0.158247
-0.158248
-0.158244
-0.158243
-0.158246
-0.158248
-0.158244
-0.158245
-0.158242
-0.158250
-0.158249
-0.158247
-0.158245
-0.158247
-0.158244
-0.158245
-0.158249
-0.158253
-0.158248
-0.158249
-0.158245
-0.158243
-0.158249
-0.158254
-0.158253
-0.158242
-0.158247
-0.158257
-0.158256
-0.158239
-0.158246
-0.158260
-0.158258
-0.158256
-0.158255
-0.158252
-0.158247
-0.158243
-0.158244
-0.158252
-0.158258
-0.158272
-0.158270
-0.158216
-0.158236
-0.158277
-0.158274
-0.158260
-0.158253
-0.158234
-0.158245
-0.158275
-0.158274
-0.158257
-0.158255
-0.158254
-0.158254
-0.158252
-0.158250
-0.158252
-0.158261
-0.158262
-0.158262
-0.158262
-0.158262
-0.158254
-0.158258
-0.158257
-0.158259
-0.158264
-0.158269
-0.158262
-0.158256
-0.158255
-0.158272
-0.158266
-0.158253
-0.158254
-0.158260
-0.158261
-0.158283
-0.158266
-0.158262
-0.158267
-0.158262
-0.158266
-0.158265
-0.158264
-0.158265
-0.158265
-0.158271
-0.158271
-0.158264
-0.158264
-0.158275
-0.158270
-0.158264
-0.158264
-0.158273
-0.158270
-0.158263
-0.158277
-0.158272
-0.158265
-0.158266
-0.158278
-0.158275
-0.158273
-0.158272
-0.158269
-0.158270
-0.158269
-0.158274
-0.158271
-0.158269
-0.158270
-0.158283
-0.158280
-0.158270
-0.158269
-0.158284
-0.158278
-0.158268
-0.158274
-0.158277
-0.158278
-0.158278
-0.158278
-0.158272
-0.158281
-0.158278
-0.158273
-0.158279
-0.158278
-0.158279
-0.158289
-0.158279
-0.158278
-0.158274
-0.158295
-0.158270
-0.158290
-0.158284
-0.158271
-0.158293
-0.158283
-0.158281
-0.158274
-0.158277
-0.158288
-0.158285
-0.158279
-0.158284
-0.158283
-0.158284
-0.158293
-0.158286
-0.158284
-0.158284
-0.158296
-0.158277
-0.158296
-0.158278
-0.158294
-0.158282
-0.158292
-0.158284
-0.158285
-0.158287
-0.158287
-0.158306
-0.158292
-0.158289
-0.158288
-0.158286
-0.158290
-0.158290
-0.158291
-0.158291
-0.158289
-0.158293
-0.158292
-0.158288
-0.158298
-0.158291
-0.158291
-0.158291
-0.158310
-0.158276
-0.158304
-0.158301
-0.158298
-0.158296
-0.158284
-0.158292
-0.158292
-0.158295
-0.158300
-0.158303
-0.158292
-0.158298
-0.158294
-0.158294
-0.158305
-0.158299
-0.158293
-0.158302
-0.158298
-0.158294
-0.158304
-0.158301
-0.158295
-0.158306
-0.158300
-0.158295
-0.158311
-0.158300
-0.158293
-0.158304
-0.158306
-0.158295
-0.158304
-0.158306
-0.158296
-0.158307
-0.158301
-0.158300
-0.158307
-0.158305
-0.158300
-0.158309
-0.158305
-0.158302
-0.158305
-0.158306
-0.158302
-0.158309
-0.158307
-0.158310
-0.158299
-0.158304
-0.158307
-0.158313
-0.158306
-0.158312
-0.158303
-0.158308
-0.158301
-0.158310
-0.158313
-0.158302
-0.158316
-0.158307
-0.158303
-0.158318
-0.158307
-0.158303
-0.158312
-0.158310
-0.158308
-0.158316
-0.158308
-0.158306
-0.158313
-0.158312
-0.158308
-0.158313
-0.158317
-0.158305
-0.158317
-0.158314
-0.158305
-0.158323
-0.158310
-0.158306
-0.158315
-0.158314
-0.158319
-0.158311
-0.158308
-0.158311
-0.158317
-0.158315
-0.158318
-0.158312
-0.158311
-0.158315
-0.158315
-0.158319
-0.158312
-0.158322
-0.158315
-0.158309
-0.158320
-0.158317
-0.158312
-0.158316
-0.158318
-0.158315
-0.158316
-0.158318
-0.158324
-0.158310
-0.158316
-0.158317
-0.158320
-0.158325
-0.158311
-0.158319
-0.158315
-0.158315
-0.158325
-0.158320
-0.158324
-0.158313
-0.158316
-0.158316
-0.158323
-0.158323
-0.158318
-0.158322
-0.158315
-0.158314
-0.158325
-0.158323
-0.158314
-0.158324
-0.158318
-0.158317
-0.158325
-0.158323
-0.158316
-0.158316
-0.158321
-0.158328
-0.158320
-0.158319
-0.158324
-0.158322
-0.158321
-0.158319
-0.158317
-0.158318
-0.158334
-0.158320
-0.158316
-0.158329
-0.158323
-0.158313
-0.158327
-0.158322
-0.158318
-0.158326
-0.158319
-0.158318
-0.158332
-0.158322
-0.158325
-0.158318
-0.158320
-0.158327
-0.158318
-0.158321
-0.158330
-0.158322
-0.158317
-0.158320
-0.158326
-0.158325
-0.158326
-0.158322
-0.158319
-0.158320
-0.158330
-0.158328
-0.158316
-0.158329
-0.158323
-0.158318
-0.158333
-0.158320
-0.158325
-0.158322
-0.158318
-0.158329
-0.158321
-0.158322
-0.158325
-0.158324
-0.158326
-0.158317
-0.158327
-0.158324
-0.158321
-0.158330
-0.158322
-0.158326
-0.158322
-0.158326
-0.158317
-0.158329
-0.158322
-0.158320
-0.158331
-0.158322
-0.158326
-0.158323
-0.158324
-0.158325
-0.158323
-0.158325
-0.158319
-0.158332
-0.158321
-0.158322
-0.158325
-0.158319
-0.158326
-0.158323
-0.158332
-0.158319
-0.158324
-0.158324
-0.158319
-0.158328
-0.158321
-0.158328
-0.158318
-0.158330
-0.158320
-0.158317
-0.158329
-0.158323
-0.158328
-0.158320
-0.158319
-0.158321
-0.158333
-0.158322
-0.158324
-0.158320
-0.158325
-0.158317
-0.158328
-0.158322
-0.158323
-0.158324
-0.158319
-0.158326
-0.158321
-0.158326
-0.158317
-0.158326
-0.158321
-0.158326
-0.158319
-0.158325
-0.158316
-0.158326
-0.158324
-0.158316
-0.158326
-0.158324
-0.158315
-0.158326
-0.158320
-0.158324
-0.158319
-0.158319
-0.158328
-0.158312
-0.158327
-0.158317
-0.158326
-0.158320
-0.158317
-0.158327
-0.158322
-0.158318
-0.158324
-0.158318
-0.158316
-0.158325
-0.158320
-0.158315
-0.158324
-0.158323
-0.158318
-0.158317
-0.158326
-0.158318
-0.158316
-0.158322
-0.158320
-0.158320
-0.158314
-0.158324
-0.158320
-0.158319
-0.158320
-0.158318
-0.158316
-0.158318
-0.158316
-0.158322
-0.158319
-0.158316
-0.158314
-0.158326
-0.158315
-0.158318
-0.158316
-0.158320
-0.158311
-0.158323
-0.158319
-0.158314
-0.158319
-0.158315
-0.158319
-0.158315
-0.158313
-0.158318
-0.158315
-0.158314
-0.158319
-0.158318
-0.158311
-0.158320
-0.158314
-0.158311
-0.158317
-0.158320
-0.158316
-0.158308
-0.158324
-0.158312
-0.158314
-0.158316
-0.158309
-0.158316
-0.158308
-0.158315
-0.158322
-0.158311
-0.158310
-0.158311
-0.158320
-0.158313
-0.158308
-0.158319
-0.158312
-0.158313
-0.158310
-0.158314
-0.158313
-0.158310
-0.158313
-0.158312
-0.158311
-0.158313
-0.158305
-0.158318
-0.158310
-0.158313
-0.158309
-0.158308
-0.158314
-0.158310
-0.158311
-0.158304
-0.158317
-0.158311
-0.158306
-0.158310
-0.158308
-0.158306
-0.158318
-0.158309
-0.158303
-0.158313
-0.158307
-0.158312
-0.158306
-0.158305
-0.158312
-0.158306
-0.158305
-0.158305
-0.158316
-0.158309
-0.158301
-0.158310
-0.158309
-0.158307
-0.158305
-0.158302
-0.158304
-0.158317
-0.158306
-0.158301
-0.158304
-0.158306
-0.158305
-0.158305
-0.158306
-0.158301
-0.158310
-0.158306
-0.158305
-0.158300
-0.158303
-0.158311
-0.158303
-0.158300
-0.158302
-0.158308
-0.158303
-0.158308
-0.158301
-0.158301
-0.158309
-0.158302
-0.158296
-0.158300
-0.158310
-0.158301
-0.158307
-0.158300
-0.158296
-0.158299
-0.158309
-0.158301
-0.158305
-0.158298
-0.158294
-0.158300
-0.158309
-0.158297
-0.158300
-0.158294
-0.158300
-0.158299
-0.158307
-0.158299
-0.158295
-0.158302
-0.158299
-0.158297
-0.158309
-0.158294
-0.158303
-0.158296
-0.158293
-0.158294
-0.158301
-0.158300
-0.158296
-0.158296
-0.158301
-0.158293
-0.158299
-0.158302
-0.158291
-0.158302
-0.158295
-0.158293
-0.158300
-0.158298
-0.158291
-0.158299
-0.158298
-0.158295
-0.158291
-0.158299
-0.158290
-0.158299
-0.158297
-0.158290
-0.158297
-0.158295
-0.158298
-0.158289
-0.158294
-0.158292
-0.158297
-0.158294
-0.158298
-0.158285
-0.158293
-0.158294
-0.158301
-0.158293
-0.158287
-0.158290
-0.158302
-0.158287
-0.158294
-0.158289
-0.158290
-0.158290
-0.158294
-0.158299
-0.158294
-0.158291
-0.158289
-0.158280
-0.158301
-0.158297
-0.158286
-0.158292
-0.158288
-0.158283
-0.158295
-0.158289
-0.158287
-0.158293
-0.158289
-0.158286
-0.158290
-0.158293
-0.158291
-0.158290
-0.158289
-0.158289
-0.158289
-0.158288
-0.158289
-0.158283
-0.158283
-0.158298
-0.158296
-0.158279
-0.158285
-0.158293
-0.158287
-0.158285
-0.158282
-0.158283
-0.158303
-0.158295
-0.158278
-0.158276
-0.158283
-0.158300
-0.158294
-0.158280
-0.158280
-0.158282
-0.158288
-0.158296
-0.158295
-0.158290
-0.158284
-0.158285
-0.158284
-0.158270
-0.158278
-0.158293
-0.158293
-0.158288
-0.158284
-0.158277
-0.158283
-0.158289
-0.158288
-0.158285
-0.158282
-0.158280
-0.158282
-0.158289
-0.158289
-0.158287
-0.158283
-0.158284
-0.158284
-0.158267
-0.158278
-0.158297
-0.158295
-0.158284
-0.158283
-0.158262
-0.158274
-0.158295
-0.158294
-0.158282
-0.158281
-0.158280
-0.158281
-0.158286
-0.158281
-0.158281
-0.158279
-0.158279
-0.158282
-0.158291
-0.158285
-0.158270
-0.158276
-0.158294
-0.158292
-0.158268
-0.158275
-0.158294
-0.158287
-0.158268
-0.158271
-0.158290
-0.158286
-0.158278
-0.158277
-0.158278
-0.158282
-0.158291
-0.158286
-0.158284
-0.158283
-0.158279
-0.158278
-0.158273
-0.158276
-0.158279
-0.158281
-0.158276
-0.158278
-0.158281
-0.158288
-0.158288
-0.158283
-0.158281
-0.158273
-0.158274
-0.158272
-0.158283
-0.158286
-0.158280
-0.158277
-0.158272
-0.158277
-0.158281
-0.158283
-0.158273
-0.158275
-0.158284
-0.158286
-0.158284
-0.158284
-0.158279
-0.158266
-0.158266
-0.158272
-0.158287
-0.158289
-0.158291
-0.158285
-0.158278
-0.158275
-0.158275
-0.158273
-0.158271
-0.158277
-0.158280
-0.158282
-0.158282
-0.158265
-0.158270
-0.158280
-0.158308
-0.158295
-0.158260
-0.158263
-0.158283
-0.158281
-0.158278
-0.158273
-0.158272
-0.158272
-0.158280
-0.158281
-0.158285
-0.158284
-0.158279
-0.158278
-0.158275
-0.158275
-0.158275
-0.158280
-0.158279
-0.158280
-0.158279
-0.158275
-0.158280
-0.158278
-0.158278
-0.158278
-0.158277
-0.158279
-0.158278
-0.158277
-0.158278
-0.158278
-0.158274
-0.158277
-0.158279
-0.158281
-0.158280
-0.158279
-0.158273
-0.158275
-0.158278
-0.158281
-0.158280
-0.158276
-0.158280
-0.158279
-0.158278
-0.158278
-0.158277
-0.158278
-0.158278
-0.158274
-0.158279
-0.158279
-0.158279
-0.158278
-0.158278
-0.158278
-0.158278
-0.158274
-0.158277
-0.158280
-0.158280
-0.158276
-0.158279
-0.158279
-0.158275
-0.158280
-0.158279
-0.158275
-0.158280
-0.158279
-0.158275
-0.158279
-0.158276
-0.158281
-0.158276
-0.158280
-0.158276
-0.158279
-0.158277
-0.158280
-0.158277
-0.158281
-0.158277
-0.158281
-0.158276
-0.158280
-0.158276
-0.158276
-0.158282
-0.158282
-0.158275
-0.158275
-0.158281
-0.158281
-0.158277
-0.158277
-0.158280
-0.158280
-0.158277
-0.158277
-0.158278
-0.158278
-0.158282
-0.158282
-0.158279
-0.158279
-0.158280
-0.158280
-0.158280
-0.158280
-0.158276
-0.158276
-0.158289
-0.158289
-0.158274
-0.158274
-0.158276
-0.158276
-0.158278
-0.158278
-0.158282
-0.158282
-0.158283
-0.158283
-0.158282
-0.158275
-0.158275
-0.158278
-0.158278
-0.158280
-0.158280
-0.158293
-0.158293
-0.158279
-0.158277
-0.158277
-0.158277
-0.158277
-0.158282
-0.158282
-0.158285
-0.158284
-0.158284
-0.158282
-0.158282
-0.158275
-0.158275
-0.158276
-0.158276
-0.158279
-0.158282
-0.158282
-0.158281
-0.158281
-0.158285
-0.158285
-0.158281
-0.158281
-0.158281
-0.158281
-0.158281
-0.158280
-0.158280
-0.158281
-0.158281
-0.158281
-0.158281
-0.158282
-0.158282
-0.158283
-0.158284
-0.158284
-0.158284
-0.158284
-0.158284
-0.158283
-0.158283
-0.158283
-0.158282
-0.158282
-0.158282
-0.158282
-0.158282
-0.158282
-0.158282
-0.158283
-0.158283
-0.158283
-0.158283
-0.158285
-0.158285
-0.158286
-0.158286
-0.158287
-0.158288
-0.158288
-0.158288
-0.158285
-0.158285
-0.158282
-0.158282
-0.158285
-0.158285
-0.158285
-0.158286
-0.158286
-0.158282
-0.158282
-0.158283
-0.158283
-0.158287
-0.158289
-0.158289
-0.158288
-0.158288
-0.158281
-0.158281
-0.158285
-0.158285
-0.158283
-0.158287
-0.158287
-0.158284
-0.158284
-0.158289
-0.158289
-0.158283
-0.158285
-0.158285
-0.158289
-0.158289
-0.158284
-0.158284
-0.158289
-0.158286
-0.158286
-0.158290
-0.158290
-0.158285
-0.158289
-0.158289
-0.158285
-0.158285
-0.158290
-0.158287
-0.158287
-0.158286
-0.158286
-0.158287
-0.158292
-0.158292
-0.158287
-0.158285
-0.158289
-0.158289
-0.158286
-0.158287
-0.158287
-0.158292
-0.158288
-0.158291
-0.158287
-0.158291
-0.158286
-0.158291
-0.158287
-0.158291
-0.158288
-0.158292
-0.158288
-0.158291
-0.158287
-0.158288
-0.158292
-0.158288
-0.158293
-0.158290
-0.158288
-0.158292
-0.158289
-0.158293
-0.158290
-0.158288
-0.158289
-0.158293
-0.158291
-0.158289
-0.158289
-0.158290
-0.158291
-0.158291
-0.158291
-0.158291
-0.158291
-0.158291
-0.158295
-0.158292
-0.158289
-0.158290
-0.158291
-0.158295
-0.158292
-0.158289
-0.158290
-0.158291
-0.158292
-0.158291
-0.158292
-0.158292
-0.158292
-0.158293
-0.158292
-0.158293
-0.158293
-0.158292
-0.158292
-0.158292
-0.158292
-0.158293
-0.158293
-0.158294
-0.158293
-0.158293
-0.158294
-0.158294
-0.158293
-0.158292
-0.158293
-0.158292
-0.158296
-0.158297
-0.158297
-0.158296
-0.158296
-0.158287
-0.158289
-0.158292
-0.158295
-0.158296
-0.158293
-0.158291
-0.158294
-0.158293
-0.158294
-0.158305
-0.158299
-0.158287
-0.158284
-0.158291
-0.158297
-0.158299
-0.158299
-0.158299
-0.158297
-0.158295
-0.158295
-0.158291
-0.158293
-0.158295
-0.158296
-0.158295
-0.158296
-0.158290
-0.158290
-0.158291
-0.158309
-0.158306
-0.158282
-0.158287
-0.158307
-0.158306
-0.158297
-0.158293
-0.158292
-0.158293
-0.158292
-0.158294
-0.158293
-0.158298
-0.158309
-0.158302
-0.158293
-0.158290
-0.158294
-0.158290
-0.158297
-0.158299
-0.158299
-0.158300
-0.158297
-0.158298
-0.158296
-0.158295
-0.158297
-0.158296
-0.158296
-0.158302
-0.158307
-0.158303
-0.158299
-0.158294
-0.158291
-0.158285
-0.158286
-0.158318
-0.158309
-0.158288
-0.158289
-0.158295
-0.158296
-0.158297
-0.158302
-0.158308
-0.158306
-0.158300
-0.158299
-0.158296
-0.158296
-0.158289
-0.158293
-0.158303
-0.158304
-0.158303
-0.158299
-0.158298
-0.158294
-0.158294
-0.158295
-0.158298
-0.158298
-0.158307
-0.158303
-0.158295
-0.158296
-0.158296
-0.158297
-0.158310
-0.158303
-0.158292
-0.158295
-0.158305
-0.158300
-0.158296
-0.158296
-0.158307
-0.158302
-0.158289
-0.158294
-0.158312
-0.158306
-0.158286
-0.158291
-0.158313
-0.158306
-0.158288
-0.158293
-0.158311
-0.158305
-0.158284
-0.158293
-0.158317
-0.158307
-0.158285
-0.158291
-0.158309
-0.158304
-0.158296
-0.158301
-0.158299
-0.158303
-0.158299
-0.158302
-0.158295
-0.158300
-0.158301
-0.158302
-0.158295
-0.158300
-0.158301
-0.158305
-0.158300
-0.158298
-0.158298
-0.158304
-0.158304
-0.158300
-0.158294
-0.158296
-0.158303
-0.158306
-0.158296
-0.158300
-0.158302
-0.158305
-0.158291
-0.158298
-0.158309
-0.158303
-0.158297
-0.158297
-0.158301
-0.158304
-0.158303
-0.158299
-0.158297
-0.158300
-0.158295
-0.158301
-0.158304
-0.158306
-0.158300
-0.158300
-0.158300
-0.158300
-0.158301
-0.158298
-0.158305
-0.158303
-0.158290
-0.158294
-0.158304
-0.158304
-0.158309
-0.158303
-0.158294
-0.158295
-0.158300
-0.158303
-0.158301
-0.158305
-0.158300
-0.158301
-0.158302
-0.158303
-0.158304
-0.158296
-0.158297
-0.158302
-0.158302
-0.158304
-0.158296
-0.158299
-0.158303
-0.158303
-0.158303
-0.158300
-0.158290
-0.158292
-0.158298
-0.158303
-0.158298
-0.158301
-0.158323
-0.158309
-0.158285
-0.158286
-0.158305
-0.158301
-0.158299
-0.158300
-0.158313
-0.158309
-0.158294
-0.158294
-0.158301
-0.158302
-0.158301
-0.158302
-0.158300
-0.158303
-0.158304
-0.158304
-0.158298
-0.158291
-0.158297
-0.158296
-0.158298
-0.158299
-0.158305
-0.158307
-0.158302
-0.158305
-0.158299
-0.158302
-0.158303
-0.158302
-0.158292
-0.158298
-0.158304
-0.158305
-0.158299
-0.158299
-0.158300
-0.158300
-0.158303
-0.158299
-0.158300
-0.158300
-0.158296
-0.158296
-0.158299
-0.158298
-0.158316
-0.158305
-0.158290
-0.158292
-0.158297
-0.158298
-0.158309
-0.158304
-0.158304
-0.158301
-0.158300
-0.158297
-0.158297
-0.158298
-0.158298
-0.158296
-0.158300
-0.158297
-0.158298
-0.158315
-0.158305
-0.158290
-0.158292
-0.158295
-0.158297
-0.158307
-0.158308
-0.158307
-0.158301
-0.158299
-0.158288
-0.158294
-0.158321
-0.158311
-0.158285
-0.158284
-0.158292
-0.158294
-0.158319
-0.158309
-0.158281
-0.158284
-0.158301
-0.158304
-0.158309
-0.158305
-0.158294
-0.158295
-0.158300
-0.158302
-0.158303
-0.158299
-0.158298
-0.158303
-0.158297
-0.158300
-0.158297
-0.158296
-0.158300
-0.158297
-0.158300
-0.158300
-0.158302
-0.158296
-0.158293
-0.158294
-0.158297
-0.158297
-0.158297
-0.158297
-0.158311
-0.158304
-0.158291
-0.158292
-0.158294
-0.158296
-0.158296
-0.158303
-0.158304
-0.158304
-0.158302
-0.158291
-0.158295
-0.158302
-0.158302
-0.158298
-0.158300
-0.158299
-0.158299
-0.158286
-0.158294
-0.158309
-0.158307
-0.158300
-0.158295
-0.158281
-0.158289
-0.158312
-0.158311
-0.158303
-0.158299
-0.158289
-0.158289
-0.158292
-0.158294
-0.158300
-0.158300
-0.158300
-0.158296
-0.158285
-0.158289
-0.158297
-0.158297
-0.158297
-0.158297
-0.158308
-0.158303
-0.158291
-0.158292
-0.158295
-0.158296
-0.158308
-0.158306
-0.158290
-0.158291
-0.158307
-0.158300
-0.158284
-0.158289
-0.158309
-0.158304
-0.158284
-0.158289
-0.158302
-0.158301
-0.158297
-0.158296
-0.158295
-0.158295
-0.158293
-0.158294
-0.158301
-0.158299
-0.158298
-0.158298
-0.158293
-0.158291
-0.158294
-0.158295
-0.158296
-0.158296
-0.158294
-0.158293
-0.158300
-0.158297
-0.158291
-0.158292
-0.158293
-0.158294
-0.158301
-0.158299
-0.158295
-0.158295
-0.158295
-0.158298
-0.158292
-0.158293
-0.158305
-0.158299
-0.158280
-0.158287
-0.158311
-0.158304
-0.158280
-0.158286
-0.158309
-0.158302
-0.158280
-0.158286
-0.158307
-0.158300
-0.158281
-0.158290
-0.158309
-0.158302
-0.158275
-0.158285
-0.158311
-0.158304
-0.158286
-0.158289
-0.158293
-0.158297
-0.158300
-0.158297
-0.158289
-0.158289
-0.158291
-0.158294
-0.158287
-0.158288
-0.158305
-0.158301
-0.158291
-0.158292
-0.158294
-0.158296
-0.158301
-0.158296
-0.158281
-0.158288
-0.158309
-0.158300
-0.158278
-0.158285
-0.158308
-0.158304
-0.158277
-0.158284
-0.158308
-0.158303
-0.158274
-0.158285
-0.158308
-0.158307
-0.158270
-0.158285
-0.158310
-0.158305
-0.158272
-0.158282
-0.158312
-0.158302
-0.158278
-0.158286
-0.158303
-0.158298
-0.158292
-0.158289
-0.158289
-0.158292
-0.158292
-0.158293
-0.158294
-0.158292
-0.158291
-0.158292
-0.158294
-0.158296
-0.158284
-0.158291
-0.158300
-0.158295
-0.158284
-0.158291
-0.158304
-0.158297
-0.158273
-0.158283
-0.158311
-0.158301
-0.158273
-0.158283
-0.158311
-0.158304
-0.158271
-0.158280
-0.158309
-0.158301
-0.158276
-0.158282
-0.158290
-0.158296
-0.158301
-0.158297
-0.158298
-0.158294
-0.158291
-0.158290
-0.158274
-0.158284
-0.158291
-0.158296
-0.158304
-0.158298
-0.158278
-0.158284
-0.158288
-0.158291
-0.158295
-0.158296
-0.158294
-0.158290
-0.158291
-0.158294
-0.158286
-0.158291
-0.158291
-0.158294
-0.158294
-0.158294
-0.158293
-0.158292
-0.158277
-0.158283
-0.158290
-0.158295
-0.158301
-0.158295
-0.158277
-0.158283
-0.158290
-0.158294
-0.158301
-0.158300
-0.158274
-0.158283
-0.158291
-0.158295
-0.158301
-0.158300
-0.158273
-0.158281
-0.158291
-0.158296
-0.158303
-0.158301
-0.158272
-0.158281
-0.158289
-0.158294
-0.158302
-0.158301
-0.158271
-0.158280
-0.158291
-0.158295
-0.158302
-0.158301
-0.158275
-0.158281
-0.158289
-0.158295
-0.158303
-0.158294
-0.158275
-0.158282
-0.158289
-0.158294
-0.158301
-0.158301
-0.158270
-0.158281
-0.158290
-0.158295
-0.158300
-0.158295
-0.158283
-0.158285
-0.158289
-0.158290
-0.158297
-0.158297
-0.158278
-0.158284
-0.158290
-0.158294
-0.158300
-0.158292
-0.158281
-0.158283
-0.158287
-0.158289
-0.158296
-0.158296
-0.158290
-0.158285
-0.158289
-0.158293
-0.158297
-0.158290
-0.158277
-0.158282
-0.158287
-0.158289
-0.158293
-0.158294
-0.158294
-0.158292
-0.158289
-0.158287
-0.158296
-0.158288
-0.158285
-0.158285
-0.158290
-0.158291
-0.158295
-0.158294
-0.158279
-0.158283
-0.158290
-0.158294
-0.158297
-0.158296
-0.158273
-0.158281
-0.158289
-0.158294
-0.158300
-0.158299
-0.158274
-0.158280
-0.158289
-0.158295
-0.158303
-0.158295
-0.158272
-0.158279
-0.158287
-0.158293
-0.158298
-0.158298
-0.158286
-0.158289
-0.158290
-0.158293
-0.158283
-0.158288
-0.158296
-0.158293
-0.158288
-0.158288
-0.158291
-0.158291
-0.158283
-0.158284
-0.158290
-0.158292
-0.158295
-0.158294
-0.158275
-0.158281
-0.158287
-0.158292
-0.158299
-0.158299
-0.158276
-0.158281
-0.158289
-0.158294
-0.158299
-0.158297
-0.158273
-0.158280
-0.158288
-0.158293
-0.158300
-0.158299
-0.158276
-0.158280
-0.158288
-0.158293
-0.158301
-0.158295
-0.158287
-0.158284
-0.158286
-0.158289
-0.158290
-0.158291
-0.158288
-0.158287
-0.158289
-0.158286
-0.158287
-0.158293
-0.158294
-0.158294
-0.158290
-0.158271
-0.158283
-0.158305
-0.158301
-0.158284
-0.158283
-0.158283
-0.158288
-0.158292
-0.158293
-0.158295
-0.158294
-0.158291
-0.158288
-0.158282
-0.158285
-0.158305
-0.158296
-0.158284
-0.158280
-0.158279
-0.158287
-0.158292
-0.158307
-0.158300
-0.158291
-0.158283
-0.158280
-0.158283
-0.158284
-0.158289
-0.158307
-0.158300
-0.158294
-0.158272
-0.158273
-0.158277
-0.158315
-0.158305
-0.158295
-0.158271
-0.158272
-0.158281
-0.158291
-0.158294
-0.158297
-0.158303
-0.158299
-0.158292
-0.158288
-0.158287
-0.158286
-0.158285
-0.158284
-0.158288
-0.158300
-0.158294
-0.158285
-0.158284
-0.158284
-0.158290
-0.158302
-0.158296
-0.158286
-0.158284
-0.158282
-0.158283
-0.158304
-0.158298
-0.158292
-0.158289
-0.158287
-0.158289
-0.158289
-0.158289
-0.158288
-0.158297
-0.158297
-0.158294
-0.158261
-0.158278
-0.158311
-0.158304
-0.158278
-0.158279
-0.158286
-0.158295
-0.158299
-0.158297
-0.158292
-0.158290
-0.158290
-0.158289
-0.158289
-0.158289
-0.158287
-0.158285
-0.158287
-0.158295
-0.158294
-0.158294
-0.158293
-0.158292
-0.158286
-0.158286
-0.158289
-0.158296
-0.158295
-0.158289
-0.158288
-0.158290
-0.158289
-0.158290
-0.158290
-0.158288
-0.158288
-0.158291
-0.158306
-0.158304
-0.158296
-0.158268
-0.158276
-0.158294
-0.158298
-0.158296
-0.158293
-0.158290
-0.158291
-0.158289
-0.158290
-0.158290
-0.158286
-0.158290
-0.158292
-0.158290
-0.158289
-0.158290
-0.158303
-0.158297
-0.158291
-0.158291
-0.158291
-0.158290
-0.158288
-0.158287
-0.158286
-0.158299
-0.158288
-0.158286
-0.158291
-0.158293
-0.158292
-0.158291
-0.158291
-0.158294
-0.158295
-0.158289
-0.158290
-0.158292
-0.158296
-0.158290
-0.158291
-0.158299
-0.158296
-0.158292
-0.158287
-0.158286
-0.158286
-0.158287
-0.158293
-0.158295
-0.158300
-0.158298
-0.158290
-0.158289
-0.158287
-0.158287
-0.158289
-0.158289
-0.158296
-0.158296
-0.158296
-0.158295
-0.158291
-0.158291
-0.158292
-0.158294
-0.158295
-0.158293
-0.158293
-0.158292
-0.158291
-0.158290
-0.158290
-0.158290
-0.158292
-0.158292
-0.158292
-0.158289
-0.158295
-0.158294
-0.158294
-0.158295
-0.158293
-0.158287
-0.158289
-0.158288
-0.158288
-0.158289
-0.158292
-0.158299
-0.158298
-0.158297
-0.158294
-0.158294
-0.158296
-0.158290
-0.158292
-0.158294
-0.158294
-0.158295
-0.158288
-0.158289
-0.158293
-0.158292
-0.158292
-0.158292
-0.158293
-0.158293
-0.158294
-0.158292
-0.158296
-0.158291
-0.158295
-0.158292
-0.158295
-0.158291
-0.158290
-0.158294
-0.158291
-0.158292
-0.158292
-0.158296
-0.158293
-0.158292
-0.158292
-0.158296
-0.158291
-0.158296
-0.158292
-0.158296
-0.158292
-0.158295
-0.158291
-0.158294
-0.158290
-0.158295
-0.158291
-0.158296
-0.158292
-0.158296
-0.158291
-0.158295
-0.158290
-0.158295
-0.158291
-0.158293
-0.158296
-0.158292
-0.158296
-0.158291
-0.158296
-0.158291
-0.158295
-0.158293
-0.158296
-0.158291
-0.158295
-0.158291
-0.158295
-0.158293
-0.158293
-0.158296
-0.158292
-0.158292
-0.158293
-0.158297
-0.158292
-0.158296
-0.158296
-0.158291
-0.158295
-0.158292
-0.158291
-0.158291
-0.158296
-0.158293
-0.158298
-0.158298
-0.158292
-0.158290
-0.158295
-0.158295
-0.158286
-0.158292
-0.158293
-0.158293
-0.158295
-0.158295
-0.158295
-0.158296
-0.158296
-0.158296
-0.158298
-0.158298
-0.158291
-0.158291
-0.158291
-0.158291
-0.158295
-0.158295
-0.158297
-0.158296
-0.158295
-0.158295
-0.158288
-0.158288
-0.158288
-0.158288
-0.158288
-0.158297
-0.158297
-0.158301
-0.158301
-0.158298
-0.158298
-0.158296
-0.158296
-0.158280
-0.158280
-0.158288
-0.158288
-0.158301
-0.158301
-0.158300
-0.158300
-0.158301
-0.158301
-0.158281
-0.158281
-0.158307
-0.158307
-0.158282
-0.158282
-0.158310
-0.158310
-0.158290
-0.158290
-0.158291
-0.158298
-0.158298
-0.158297
-0.158297
-0.158296
-0.158296
-0.158289
-0.158289
-0.158295
-0.158295
-0.158293
-0.158293
-0.158297
-0.158297
-0.158295
-0.158294
-0.158294
-0.158293
-0.158293
-0.158293
-0.158293
-0.158293
-0.158294
-0.158294
-0.158301
-0.158301
-0.158297
-0.158295
-0.158295
-0.158294
-0.158294
-0.158290
-0.158289
-0.158289
-0.158291
-0.158293
-0.158293
-0.158299
-0.158299
-0.158300
-0.158300
-0.158299
-0.158299
-0.158293
-0.158289
-0.158289
-0.158290
-0.158290
-0.158307
-0.158294
-0.158294
-0.158295
-0.158295
-0.158294
-0.158294
-0.158293
-0.158291
-0.158291
-0.158292
-0.158292
-0.158296
-0.158296
-0.158326
-0.158326
-0.158247
-0.158298
-0.158298
-0.158297
-0.158297
-0.158286
-0.158287
-0.158287
-0.158314
-0.158314
-0.158273
-0.158273
-0.158312
-0.158313
-0.158313
-0.158265
-0.158265
-0.158319
-0.158300
-0.158300
-0.158298
-0.158297
-0.158297
-0.158291
-0.158291
-0.158293
-0.158293
-0.158294
-0.158294
-0.158294
-0.158300
-0.158300
-0.158279
-0.158279
-0.158309
-0.158304
-0.158304
-0.158299
-0.158287
-0.158287
-0.158305
-0.158305
-0.158289
-0.158287
-0.158287
-0.158294
-0.158294
-0.158293
-0.158292
-0.158292
-0.158293
-0.158293
-0.158296
-0.158296
-0.158302
-0.158302
-0.158299
-0.158297
-0.158297
-0.158295
-0.158295
-0.158295
-0.158295
-0.158296
-0.158296
-0.158296
-0.158296
-0.158296
-0.158296
-0.158296
-0.158289
-0.158289
-0.158295
-0.158294
-0.158294
-0.158298
-0.158298
-0.158294
-0.158294
-0.158298
-0.158292
-0.158292
-0.158295
-0.158295
-0.158297
-0.158297
-0.158293
-0.158296
-0.158296
-0.158297
-0.158297
-0.158291
-0.158291
-0.158295
-0.158295
-0.158292
-0.158297
-0.158297
-0.158293
-0.158293
-0.158297
-0.158297
-0.158293
-0.158293
-0.158296
-0.158298
-0.158298
-0.158293
-0.158293
-0.158294
-0.158294
-0.158297
-0.158293
-0.158293
-0.158297
-0.158297
-0.158293
-0.158293
-0.158297
-0.158297
-0.158291
-0.158296
-0.158296
-0.158292
-0.158292
-0.158297
-0.158297
-0.158292
-0.158292
-0.158297
-0.158299
-0.158299
-0.158292
-0.158292
-0.158296
-0.158296
-0.158292
-0.158292
-0.158296
-0.158298
-0.158298
-0.158292
-0.158292
-0.158295
-0.158295
-0.158292
-0.158292
-0.158293
-0.158297
-0.158297
-0.158293
-0.158293
-0.158297
-0.158297
-0.158297
-0.158297
-0.158291
-0.158294
-0.158294
-0.158295
-0.158295
-0.158291
-0.158291
-0.158296
-0.158296
-0.158293
-0.158296
-0.158296
-0.158297
-0.158297
-0.158290
-0.158290
-0.158295
-0.158295
-0.158296
-0.158297
-0.158297
-0.158290
-0.158290
-0.158294
-0.158294
-0.158296
-0.158296
-0.158297
-0.158291
-0.158291
-0.158295
-0.158295
-0.158296
-0.158296
-0.158297
-0.158297
-0.158289
-0.158292
-0.158292
-0.158295
-0.158295
-0.158296
-0.158296
-0.158290
-0.158290
-0.158295
-0.158295
-0.158295
-0.158297
-0.158297
-0.158297
-0.158297
-0.158290
-0.158290
-0.158292
-0.158292
