245.313579
213.472421
5.387428
0.619495
0.638323
0.711067
0.750861
0.784540
0.811046
0.832026
0.848470
0.860553
0.868973
0.874832
0.878540
0.880675
0.881522
0.881236
0.879927
0.877911
0.875432
0.872596
0.869409
0.866004
0.862317
0.858413
0.854622
0.850866
0.847123
0.843365
0.839704
0.836109
0.832575
0.829021
0.825439
0.821875
0.818311
0.814726
0.811121
0.807496
0.803825
0.800157
0.796504
0.792819
0.789212
0.785680
0.782182
0.778805
0.775496
0.772197
0.768947
0.765734
0.762564
0.759478
0.756475
0.753512
0.750588
0.747726
0.744927
0.742175
0.739455
0.736790
0.734142
0.731550
0.729008
0.726495
0.724016
0.721586
0.719197
0.716861
0.714501
0.712248
0.709978
0.707749
0.705550
0.703386
0.701246
0.699127
0.697028
0.694944
0.692881
0.690839
0.688817
0.686819
0.684839
0.682875
0.680934
0.679012
0.677105
0.675213
0.673335
0.671476
0.669634
0.667807
0.665997
0.664204
0.662433
0.660680
0.658947
0.657226
0.655519
0.653828
0.652152
0.650492
0.648845
0.647213
0.645596
0.643992
0.642401
0.640822
0.639255
0.637700
0.636155
0.634622
0.633100
0.631590
0.630091
0.628600
0.627118
0.625644
0.624179
0.622722
0.621273
0.619832
0.618400
0.616975
0.615556
0.614143
0.612737
0.611337
0.609944
0.608556
0.607172
0.605795
0.604423
0.603055
0.601692
0.600334
0.598981
0.597632
0.596287
0.594947
0.593611
0.592278
0.590947
0.589620
0.588295
0.586974
0.585656
0.584340
0.583027
0.581718
0.580411
0.579106
0.577804
0.576506
0.575210
0.573917
0.572626
0.571337
0.570051
0.568767
0.567486
0.566209
0.564935
0.563663
0.562393
0.561125
0.559860
0.558598
0.557339
0.556083
0.554830
0.553580
0.552332
0.551087
0.549846
0.548609
0.547374
0.546143
0.544916
0.543692
0.542473
0.541258
0.540046
0.538840
0.537638
0.536442
0.535250
0.534064
0.532883
0.531708
0.530536
0.529369
0.528209
0.527054
0.525904
0.524760
0.523622
0.522490
0.521364
0.520244
0.519129
0.518021
0.516919
0.515823
0.514733
0.513650
0.512573
0.511504
0.510441
0.509385
0.508335
0.507292
0.506256
0.505227
0.504204
0.503189
0.502181
0.501180
0.500186
0.499199
0.498219
0.497245
0.496279
0.495320
0.494368
0.493424
0.492488
0.491559
0.490637
0.489723
0.488817
0.487918
0.487026
0.486142
0.485265
0.484396
0.483535
0.482680
0.481834
0.480994
0.480162
0.479337
0.478520
0.477711
0.476908
0.476113
0.475325
0.474543
0.473769
0.473001
0.472240
0.471485
0.470737
0.469996
0.469261
0.468533
0.467812
0.467097
0.466389
0.465687
0.464992
0.464303
0.463620
0.462941
0.462274
0.461610
0.460953
0.460303
0.459658
0.459021
0.458389
0.457764
0.457147
0.456535
0.455930
0.455331
0.454738
0.454152
0.453572
0.452999
0.452432
0.451872
0.451318
0.450772
0.450231
0.449698
0.449171
0.448650
0.448136
0.447628
0.447126
0.446631
0.446143
0.445661
0.445186
0.444717
0.444254
0.443799
0.443349
0.442907
0.442471
0.442042
0.441619
0.441203
0.440793
0.440389
0.439992
0.439602
0.439217
0.438840
0.438468
0.438102
0.437742
0.437389
0.437041
0.436700
0.436365
0.436035
0.435712
0.435395
0.435083
0.434776
0.434475
0.434178
0.433888
0.433604
0.433324
0.433041
0.432789
0.432508
0.432264
0.431993
0.431759
0.431498
0.431263
0.431028
0.430796
0.430568
0.430335
0.430124
0.429911
0.429700
0.429493
0.429289
0.429090
0.428894
0.428702
0.428514
0.428329
0.428147
0.427969
0.427794
0.427622
0.427454
0.427288
0.427126
0.426966
0.426809
0.426654
0.426503
0.426354
0.426207
0.426064
0.425922
0.425783
0.425646
0.425511
0.425378
0.425248
0.425119
0.424992
0.424867
0.424744
0.424623
0.424503
0.424384
0.424267
0.424151
0.424037
0.423925
0.423813
0.423702
0.423593
0.423485
0.423377
0.423271
0.423166
0.423062
0.422958
0.422855
0.422753
0.422652
0.422551
0.422451
0.422352
0.422253
0.422154
0.422057
0.421959
0.421862
0.421765
0.421668
0.421571
0.421475
0.421379
0.421282
0.421186
0.421090
0.420993
0.420897
0.420800
0.420703
0.420606
0.420508
0.420411
0.420312
0.420214
0.420115
0.420015
0.419915
0.419815
0.419714
0.419612
0.419509
0.419406
0.419303
0.419198
0.419093
0.418987
0.418881
0.418773
0.418665
0.418556
0.418446
0.418335
0.418223
0.418110
0.417997
0.417882
0.417766
0.417650
0.417532
0.417414
0.417294
0.417174
0.417053
0.416930
0.416807
0.416683
0.416557
0.416431
0.416303
0.416175
0.416046
0.415916
0.415784
0.415652
0.415519
0.415385
0.415250
0.415114
0.414977
0.414839
0.414700
0.414560
0.414419
0.414277
0.414134
0.413990
0.413845
0.413699
0.413552
0.413404
0.413255
0.413105
0.412954
0.412802
0.412649
0.412496
0.412341
0.412185
0.412029
0.411871
0.411713
0.411553
0.411393
0.411231
0.411069
0.410905
0.410741
0.410576
0.410409
0.410242
0.410074
0.409906
0.409736
0.409565
0.409394
0.409221
0.409048
0.408874
0.408699
0.408523
0.408346
0.408168
0.407989
0.407810
0.407629
0.407448
0.407266
0.407083
0.406900
0.406715
0.406530
0.406344
0.406157
0.405970
0.405781
0.405592
0.405402
0.405212
0.405021
0.404829
0.404636
0.404443
0.404249
0.404054
0.403859
0.403663
0.403466
0.403269
0.403071
0.402873
0.402674
0.402474
0.402273
0.402072
0.401871
0.401669
0.401466
0.401263
0.401060
0.400854
0.400650
0.400444
0.400239
0.400032
0.399825
0.399617
0.399410
0.399201
0.398992
0.398782
0.398573
0.398361
0.398151
0.397938
0.397727
0.397513
0.397301
0.397086
0.396872
0.396657
0.396442
0.396226
0.396010
0.395792
0.395576
0.395357
0.395140
0.394920
0.394702
0.394481
0.394262
0.394040
0.393820
0.393597
0.393375
0.393152
0.392930
0.392706
0.392482
0.392257
0.392033
0.391807
0.391582
0.391355
0.391129
0.390901
0.390675
0.390446
0.390219
0.389989
0.389761
0.389531
0.389302
0.389072
0.388842
0.388611
0.388380
0.388148
0.387918
0.387685
0.387454
0.387221
0.386989
0.386755
0.386523
0.386289
0.386056
0.385822
0.385589
0.385354
0.385121
0.384886
0.384653
0.384417
0.384183
0.383948
0.383714
0.383478
0.383244
0.383008
0.382774
0.382538
0.382304
0.382068
0.381834
0.381598
0.381364
0.381129
0.380893
0.380659
0.380424
0.380190
0.379955
0.379721
0.379487
0.379253
0.379019
0.378786
0.378552
0.378319
0.378085
0.377852
0.377620
0.377388
0.377156
0.376924
0.376693
0.376462
0.376231
0.376001
0.375771
0.375541
0.375311
0.375082
0.374853
0.374625
0.374396
0.374168
0.373941
0.373714
0.373487
0.373261
0.373035
0.372810
0.372585
0.372361
0.372137
0.371913
0.371690
0.371467
0.371245
0.371024
0.370803
0.370582
0.370362
0.370142
0.369923
0.369704
0.369486
0.369268
0.369051
0.368835
0.368619
0.368403
0.368188
0.367974
0.367760
0.367547
0.367334
0.367121
0.366909
0.366698
0.366487
0.366276
0.366066
0.365857
0.365648
0.365439
0.365231
0.365045
0.364796
0.364627
0.364385
0.364215
0.363974
0.363805
0.363566
0.363397
0.363159
0.362990
0.362776
0.362569
0.362365
0.362164
0.361963
0.361762
0.361562
0.361361
0.361161
0.360962
0.360762
0.360563
0.360365
0.360166
0.359968
0.359770
0.359573
0.359376
0.359179
0.358982
0.358785
0.358589
0.358393
0.358197
0.358001
0.357805
0.357610
0.357414
0.357219
0.357024
0.356829
0.356634
0.356439
0.356245
0.356050
0.355855
0.355661
0.355467
0.355272
0.355078
0.354884
0.354690
0.354496
0.354302
0.354108
0.353914
0.353720
0.353527
0.353333
0.353140
0.352946
0.352752
0.352558
0.352365
0.352171
0.351978
0.351784
0.351591
0.351397
0.351204
0.351010
0.350817
0.350623
0.350430
0.350236
0.350043
0.349849
0.349656
0.349462
0.349268
0.349075
0.348881
0.348688
0.348494
0.348301
0.348107
0.347914
0.347720
0.347527
0.347333
0.347140
0.346946
0.346753
0.346560
0.346366
0.346173
0.345979
0.345786
0.345592
0.345399
0.345205
0.345012
0.344819
0.344625
0.344432
0.344239
0.344046
0.343852
0.343659
0.343466
0.343273
0.343080
0.342887
0.342694
0.342501
0.342308
0.342115
0.341923
0.341730
0.341538
0.341345
0.341153
0.340960
0.340768
0.340576
0.340384
0.340193
0.340001
0.339810
0.339619
0.339428
0.339237
0.339046
0.338856
0.338666
0.338476
0.338286
0.338096
0.337907
0.337718
0.337529
0.337341
0.337153
0.336965
0.336778
0.336590
0.336404
0.336217
0.336031
0.335845
0.335660
0.335475
0.335290
0.335106
0.334922
0.334738
0.334555
0.334372
0.334190
0.334008
0.333827
0.333646
0.333465
0.333285
0.333105
0.332926
0.332748
0.332569
0.332392
0.332215
0.332038
0.331862
0.331686
0.331511
0.331337
0.331163
0.330989
0.330816
0.330644
0.330472
0.330301
0.330131
0.329961
0.329792
0.329623
0.329455
0.329287
0.329120
0.328954
0.328788
0.328623
0.328458
0.328295
0.328131
0.327969
0.327807
0.327646
0.327486
0.327326
0.327167
0.327008
0.326850
0.326693
0.326537
0.326381
0.326226
0.326072
0.325918
0.325765
0.325612
0.325461
0.325310
0.325159
0.325010
0.324861
0.324712
0.324565
0.324418
0.324272
0.324126
0.323982
0.323838
0.323694
0.323552
0.323410
0.323268
0.323128
0.322988
0.322849
0.322710
0.322572
0.322435
0.322299
0.322164
0.322029
0.321895
0.321761
0.321629
0.321497
0.321365
0.321235
0.321105
0.320976
0.320848
0.320720
0.320593
0.320467
0.320341
0.320216
0.320092
0.319969
0.319846
0.319724
0.319603
0.319483
0.319362
0.319243
0.319125
0.319007
0.318890
0.318774
0.318658
0.318543
0.318429
0.318315
0.318202
0.318090
0.317978
0.317867
0.317757
0.317647
0.317538
0.317430
0.317323
0.317216
0.317110
0.317004
0.316899
0.316795
0.316692
0.316589
0.316487
0.316385
0.316284
0.316184
0.316085
0.315986
0.315888
0.315790
0.315693
0.315597
0.315501
0.315406
0.315312
0.315218
0.315125
0.315032
0.314941
0.314849
0.314759
0.314669
0.314579
0.314491
0.314402
0.314315
0.314228
0.314142
0.314056
0.313971
0.313887
0.313803
0.313720
0.313637
0.313555
0.313474
0.313393
0.313313
0.313234
0.313155
0.313076
0.312999
0.312922
0.312845
0.312769
0.312694
0.312620
0.312546
0.312472
0.312400
0.312327
0.312256
0.312184
0.312114
0.312044
0.311975
0.311906
0.311838
0.311771
0.311704
0.311637
0.311572
0.311506
0.311442
0.311378
0.311315
0.311252
0.311190
0.311129
0.311067
0.311007
0.310947
0.310887
0.310828
0.310770
0.310712
0.310655
0.310599
0.310542
0.310487
0.310432
0.310378
0.310324
0.310270
0.310218
0.310165
0.310114
0.310062
0.310012
0.309962
0.309912
0.309863
0.309814
0.309766
0.309719
0.309672
0.309625
0.309579
0.309534
0.309489
0.309444
0.309400
0.309357
0.309314
0.309271
0.309229
0.309188
0.309147
0.309106
0.309066
0.309027
0.308988
0.308949
0.308911
0.308873
0.308836
0.308799
0.308763
0.308728
0.308692
0.308657
0.308623
0.308592
0.308553
0.308525
0.308487
0.308460
0.308423
0.308396
0.308361
0.308335
0.308301
0.308275
0.308242
0.308217
0.308185
0.308161
0.308129
0.308106
0.308075
0.308052
0.308022
0.308000
0.307971
0.307950
0.307922
0.307901
0.307873
0.307853
0.307829
0.307805
0.307783
0.307761
0.307739
0.307718
0.307697
0.307676
0.307655
0.307635
0.307616
0.307596
0.307577
0.307558
0.307540
0.307522
0.307504
0.307487
0.307469
0.307453
0.307436
0.307420
0.307404
0.307388
0.307373
0.307358
0.307343
0.307329
0.307315
0.307301
0.307287
0.307274
0.307261
0.307248
0.307236
0.307223
0.307211
0.307200
0.307188
0.307177
0.307166
0.307156
0.307145
0.307135
0.307125
0.307115
0.307106
0.307097
0.307088
0.307079
0.307071
0.307063
0.307055
0.307047
0.307039
0.307032
0.307025
0.307018
0.307011
0.307005
0.306998
0.306992
0.306987
0.306981
0.306975
0.306970
0.306965
0.306960
0.306956
0.306951
0.306947
0.306943
0.306939
0.306935
0.306932
0.306928
0.306925
0.306922
0.306919
0.306916
0.306914
0.306911
0.306909
0.306907
0.306905
0.306904
0.306902
0.306901
0.306899
0.306898
0.306897
0.306897
0.306896
0.306896
0.306895
0.306895
0.306895
0.306895
0.306895
0.306896
0.306896
0.306897
0.306898
0.306899
0.306900
0.306901
0.306902
0.306904
0.306905
0.306907
0.306909
0.306911
0.306913
0.306915
0.306917
0.306920
0.306922
0.306925
0.306928
0.306931
0.306934
0.306937
0.306940
0.306943
0.306947
0.306951
0.306954
0.306958
0.306962
0.306966
0.306970
0.306974
0.306978
0.306983
0.306987
0.306992
0.306997
0.307001
0.307006
0.307011
0.307017
0.307022
0.307027
0.307033
0.307038
0.307044
0.307049
0.307055
0.307061
0.307067
0.307073
0.307079
0.307085
0.307092
0.307098
0.307104
0.307111
0.307118
0.307124
0.307131
0.307138
0.307145
0.307152
0.307159
0.307167
0.307174
0.307181
0.307189
0.307196
0.307204
0.307211
0.307219
0.307227
0.307235
0.307243
0.307251
0.307259
0.307267
0.307276
0.307284
0.307292
0.307301
0.307310
0.307318
0.307327
0.307336
0.307344
0.307354
0.307362
0.307371
0.307380
0.307390
0.307399
0.307408
0.307417
0.307427
0.307436
0.307446
0.307455
0.307465
0.307475
0.307485
0.307494
0.307504
0.307514
0.307524
0.307534
0.307544
0.307554
0.307565
0.307575
0.307585
0.307596
0.307606
0.307616
0.307627
0.307637
0.307648
0.307659
0.307669
0.307680
0.307691
0.307701
0.307712
0.307723
0.307734
0.307745
0.307756
0.307767
0.307778
0.307789
0.307800
0.307812
0.307823
0.307834
0.307845
0.307857
0.307868
0.307879
0.307891
0.307902
0.307914
0.307925
0.307936
0.307948
0.307959
0.307971
0.307983
0.307994
0.308006
0.308018
0.308029
0.308041
0.308053
0.308064
0.308076
0.308088
0.308099
0.308111
0.308123
0.308135
0.308147
0.308158
0.308170
0.308182
0.308194
0.308206
0.308217
0.308229
0.308241
0.308253
0.308265
0.308277
0.308288
0.308300
0.308312
0.308324
0.308336
0.308347
0.308359
0.308371
0.308383
0.308395
0.308406
0.308418
0.308430
0.308441
0.308453
0.308465
0.308476
0.308488
0.308499
0.308511
0.308523
0.308534
0.308546
0.308557
0.308569
0.308580
0.308591
0.308603
0.308614
0.308626
0.308637
0.308648
0.308659
0.308670
0.308682
0.308693
0.308704
0.308715
0.308726
0.308737
0.308748
0.308758
0.308769
0.308780
0.308791
0.308801
0.308812
0.308823
0.308833
0.308844
0.308854
0.308864
0.308875
0.308885
0.308895
0.308905
0.308915
0.308925
0.308935
0.308945
0.308955
0.308965
0.308975
0.308984
0.308994
0.309003
0.309013
0.309022
0.309032
0.309041
0.309050
0.309059
0.309068
0.309077
0.309086
0.309095
0.309104
0.309112
0.309121
0.309129
0.309138
0.309146
0.309154
0.309163
0.309171
0.309179
0.309187
0.309195
0.309202
0.309210
0.309218
0.309225
0.309232
0.309240
0.309247
0.309254
0.309261
0.309268
0.309275
0.309282
0.309288
0.309295
0.309301
0.309308
0.309314
0.309320
0.309326
0.309332
0.309338
0.309344
0.309350
0.309355
0.309361
0.309366
0.309371
0.309377
0.309382
0.309387
0.309391
0.309396
0.309401
0.309405
0.309410
0.309414
0.309418
0.309422
0.309426
0.309430
0.309434
0.309437
0.309441
0.309444
0.309448
0.309451
0.309454
0.309457
0.309459
0.309462
0.309465
0.309467
0.309470
0.309472
0.309474
0.309476
0.309478
0.309480
0.309482
0.309483
0.309485
0.309486
0.309487
0.309488
0.309489
0.309490
0.309491
0.309491
0.309492
0.309492
0.309493
0.309493
0.309493
0.309493
0.309493
0.309492
0.309492
0.309491
0.309491
0.309490
0.309489
0.309488
0.309487
0.309486
0.309485
0.309483
0.309482
0.309480
0.309478
0.309476
0.309474
0.309472
0.309470
0.309467
0.309465
0.309462
0.309459
0.309457
0.309454
0.309451
0.309447
0.309444
0.309441
0.309437
0.309433
0.309430
0.309426
0.309422
0.309418
0.309413
0.309409
0.309405
0.309400
0.309395
0.309391
0.309386
0.309381
0.309376
0.309370
0.309365
0.309360
0.309354
0.309348
0.309343
0.309337
0.309331
0.309325
0.309318
0.309312
0.309306
0.309299
0.309292
0.309286
0.309279
0.309272
0.309265
0.309257
0.309250
0.309243
0.309236
0.309228
0.309220
0.309212
0.309204
0.309196
0.309188
0.309180
0.309172
0.309163
0.309155
0.309146
0.309137
0.309129
0.309120
0.309111
0.309102
0.309092
0.309083
0.309073
0.309064
0.309054
0.309045
0.309035
0.309025
0.309015
0.309005
0.308994
0.308984
0.308974
0.308963
0.308952
0.308942
0.308931
0.308920
0.308909
0.308898
0.308887
0.308875
0.308864
0.308853
0.308841
0.308829
0.308818
0.308806
0.308794
0.308782
0.308770
0.308758
0.308745
0.308733
0.308720
0.308708
0.308695
0.308683
0.308670
0.308657
0.308644
0.308631
0.308618
0.308604
0.308591
0.308578
0.308564
0.308550
0.308537
0.308523
0.308509
0.308495
0.308481
0.308467
0.308453
0.308439
0.308424
0.308410
0.308395
0.308381
0.308366
0.308351
0.308337
0.308322
0.308307
0.308292
0.308277
0.308262
0.308246
0.308231
0.308215
0.308200
0.308184
0.308169
0.308153
0.308137
0.308121
0.308105
0.308089
0.308073
0.308057
0.308041
0.308024
0.308008
0.307991
0.307975
0.307958
0.307942
0.307925
0.307908
0.307891
0.307874
0.307857
0.307840
0.307823
0.307806
0.307789
0.307772
0.307754
0.307737
0.307720
0.307702
0.307685
0.307667
0.307649
0.307631
0.307614
0.307596
0.307578
0.307560
0.307542
0.307524
0.307506
0.307487
0.307469
0.307451
0.307432
0.307414
0.307396
0.307377
0.307359
0.307340
0.307321
0.307303
0.307284
0.307265
0.307246
0.307227
0.307208
0.307189
0.307170
0.307151
0.307132
0.307113
0.307094
0.307074
0.307055
0.307036
0.307016
0.306997
0.306977
0.306958
0.306938
0.306919
0.306899
0.306879
0.306860
0.306840
0.306820
0.306800
0.306780
0.306761
0.306741
0.306721
0.306701
0.306681
0.306661
0.306640
0.306620
0.306600
0.306580
0.306560
0.306540
0.306519
0.306499
0.306479
0.306458
0.306438
0.306417
0.306397
0.306377
0.306356
0.306336
0.306315
0.306295
0.306274
0.306253
0.306233
0.306212
0.306192
0.306171
0.306150
0.306129
0.306109
0.306088
0.306067
0.306046
0.306025
0.306005
0.305984
0.305963
0.305942
0.305921
0.305900
0.305879
0.305859
0.305838
0.305817
0.305796
0.305775
0.305754
0.305732
0.305712
0.305691
0.305670
0.305649
0.305628
0.305607
0.305585
0.305564
0.305544
0.305522
0.305501
0.305480
0.305459
0.305438
0.305417
0.305396
0.305375
0.305354
0.305333
0.305312
0.305291
0.305270
0.305249
0.305228
0.305206
0.305186
0.305164
0.305144
0.305123
0.305101
0.305081
0.305059
0.305039
0.305017
0.304997
0.304975
0.304955
0.304934
0.304913
0.304892
0.304871
0.304850
0.304829
0.304808
0.304787
0.304766
0.304746
0.304725
0.304704
0.304683
0.304662
0.304642
0.304621
0.304600
0.304580
0.304559
0.304538
0.304518
0.304497
0.304476
0.304456
0.304435
0.304415
0.304394
0.304373
0.304353
0.304333
0.304312
0.304292
0.304271
0.304251
0.304231
0.304210
0.304190
0.304170
0.304149
0.304129
0.304109
0.304089
0.304068
0.304048
0.304028
0.304008
0.303988
0.303968
0.303948
0.303928
0.303909
0.303889
0.303869
0.303849
0.303829
0.303810
0.303790
0.303770
0.303751
0.303731
0.303712
0.303692
0.303673
0.303653
0.303634
0.303615
0.303596
0.303576
0.303557
0.303538
0.303519
0.303500
0.303481
0.303462
0.303443
0.303424
0.303405
0.303386
0.303367
0.303349
0.303330
0.303311
0.303293
0.303274
0.303256
0.303237
0.303219
0.303200
0.303182
0.303164
0.303146
0.303127
0.303109
0.303091
0.303073
0.303055
0.303037
0.303019
0.303002
0.302984
0.302966
0.302948
0.302931
0.302913
0.302896
0.302878
0.302861
0.302844
0.302826
0.302809
0.302792
0.302775
0.302758
0.302741
0.302723
0.302706
0.302689
0.302673
0.302656
0.302639
0.302623
0.302606
0.302590
0.302573
0.302557
0.302541
0.302525
0.302509
0.302492
0.302476
0.302461
0.302445
0.302429
0.302413
0.302397
0.302382
0.302366
0.302351
0.302335
0.302320
0.302305
0.302289
0.302274
0.302259
0.302244
0.302229
0.302214
0.302199
0.302185
0.302170
0.302155
0.302141
0.302126
0.302112
0.302097
0.302083
0.302069
0.302055
0.302041
0.302027
0.302013
0.301999
0.301985
0.301971
0.301958
0.301944
0.301931
0.301917
0.301904
0.301891
0.301878
0.301864
0.301851
0.301838
0.301825
0.301813
0.301800
0.301787
0.301775
0.301762
0.301750
0.301737
0.301725
0.301713
0.301701
0.301688
0.301677
0.301665
0.301653
0.301641
0.301629
0.301618
0.301606
0.301595
0.301583
0.301572
0.301561
0.301550
0.301539
0.301528
0.301517
0.301506
0.301495
0.301484
0.301474
0.301463
0.301453
0.301443
0.301432
0.301422
0.301412
0.301402
0.301392
0.301382
0.301372
0.301363
0.301353
0.301343
0.301334
0.301325
0.301315
0.301306
0.301297
0.301288
0.301279
0.301270
0.301261
0.301252
0.301244
0.301235
0.301227
0.301218
0.301210
0.301202
0.301193
0.301185
0.301177
0.301169
0.301162
0.301154
0.301146
0.301138
0.301131
0.301123
0.301116
0.301109
0.301102
0.301095
0.301087
0.301080
0.301074
0.301067
0.301060
0.301053
0.301047
0.301040
0.301034
0.301028
0.301021
0.301015
0.301009
0.301003
0.300997
0.300991
0.300986
0.300980
0.300974
0.300969
0.300964
0.300958
0.300953
0.300947
0.300943
0.300937
0.300933
0.300928
0.300923
0.300918
0.300913
0.300909
0.300904
0.300900
0.300895
0.300891
0.300887
0.300883
0.300879
0.300875
0.300871
0.300867
0.300863
0.300860
0.300856
0.300853
0.300849
0.300846
0.300843
0.300839
0.300836
0.300833
0.300830
0.300827
0.300825
0.300822
0.300819
0.300817
0.300814
0.300812
0.300809
0.300807
0.300805
0.300802
0.300800
0.300798
0.300796
0.300795
0.300793
0.300791
0.300789
0.300788
0.300786
0.300785
0.300783
0.300782
0.300781
0.300780
0.300779
0.300777
0.300777
0.300776
0.300775
0.300774
0.300773
0.300773
0.300772
0.300772
0.300771
0.300771
0.300771
0.300770
0.300770
0.300770
0.300770
0.300770
0.300770
0.300770
0.300771
0.300771
0.300771
0.300772
0.300772
0.300773
0.300773
0.300774
0.300775
0.300775
0.300776
0.300777
0.300778
0.300779
0.300780
0.300781
0.300782
0.300784
0.300785
0.300786
0.300788
0.300789
0.300791
0.300793
0.300794
0.300796
0.300798
0.300799
0.300801
0.300803
0.300805
0.300807
0.300809
0.300812
0.300814
0.300816
0.300818
0.300821
0.300821
0.300823
0.300825
0.300828
0.300830
0.300833
0.300836
0.300839
0.300842
0.300844
0.300847
0.300850
0.300853
0.300856
0.300860
0.300863
0.300866
0.300869
0.300872
0.300876
0.300879
0.300883
0.300886
0.300890
0.300893
0.300897
0.300900
0.300904
0.300908
0.300912
0.300915
0.300919
0.300923
0.300927
0.300931
0.300935
0.300939
0.300943
0.300947
0.300952
0.300956
0.300960
0.300964
0.300969
0.300973
0.300977
0.300982
0.300986
0.300991
0.300995
0.301000
0.301004
0.301009
0.301014
0.301018
0.301023
0.301028
0.301032
0.301037
0.301042
0.301047
0.301052
0.301057
0.301062
0.301067
0.301072
0.301077
0.301082
0.301087
0.301092
0.301097
0.301102
0.301107
0.301113
0.301118
0.301123
0.301128
0.301134
0.301139
0.301144
0.301150
0.301155
0.301161
0.301166
0.301171
0.301177
0.301183
0.301188
0.301194
0.301199
0.301205
0.301210
0.301216
0.301222
0.301227
0.301233
0.301239
0.301244
0.301250
0.301256
0.301261
0.301267
0.301273
0.301279
0.301285
0.301290
0.301296
0.301302
0.301308
0.301314
0.301320
0.301325
0.301331
0.301337
0.301343
0.301349
0.301355
0.301361
0.301367
0.301373
0.301379
0.301385
0.301391
0.301397
0.301403
0.301409
0.301415
0.301421
0.301427
0.301433
0.301439
0.301445
0.301451
0.301457
0.301463
0.301469
0.301475
0.301481
0.301487
0.301493
0.301499
0.301505
0.301511
0.301517
0.301524
0.301530
0.301536
0.301542
0.301548
0.301554
0.301560
0.301566
0.301572
0.301578
0.301584
0.301590
0.301596
0.301602
0.301608
0.301614
0.301620
0.301626
0.301632
0.301638
0.301644
0.301650
0.301656
0.301662
0.301668
0.301674
0.301680
0.301686
0.301692
0.301698
0.301704
0.301710
0.301716
0.301721
0.301727
0.301733
0.301739
0.301745
0.301751
0.301757
0.301762
0.301768
0.301774
0.301780
0.301786
0.301791
0.301797
0.301803
0.301808
0.301814
0.301820
0.301825
0.301831
0.301837
0.301842
0.301848
0.301854
0.301859
0.301865
0.301870
0.301876
0.301881
0.301887
0.301892
0.301898
0.301903
0.301909
0.301914
0.301919
0.301925
0.301930
0.301936
0.301941
0.301946
0.301951
0.301957
0.301962
0.301967
0.301972
0.301978
0.301983
0.301988
0.301993
0.301998
0.302003
0.302008
0.302013
0.302018
0.302023
0.302028
0.302033
0.302038
0.302043
0.302048
0.302053
0.302057
0.302062
0.302067
0.302072
0.302077
0.302081
0.302086
0.302091
0.302095
0.302100
0.302104
0.302109
0.302113
0.302118
0.302122
0.302127
0.302131
0.302136
0.302140
0.302145
0.302149
0.302153
0.302157
0.302162
0.302166
0.302170
0.302174
0.302178
0.302183
0.302187
0.302191
0.302195
0.302199
0.302203
0.302207
0.302211
0.302214
0.302218
0.302222
0.302226
0.302230
0.302234
0.302237
0.302241
0.302245
0.302248
0.302252
0.302255
0.302259
0.302263
0.302266
0.302270
0.302273
0.302276
0.302280
0.302283
0.302286
0.302290
0.302293
0.302296
0.302299
0.302303
0.302306
0.302309
0.302312
0.302315
0.302318
0.302321
0.302324
0.302327
0.302330
0.302333
0.302336
0.302338
0.302340
0.302346
0.302346
0.302350
0.302351
0.302356
0.302356
0.302361
0.302362
0.302366
0.302367
0.302371
0.302371
0.302376
0.302376
0.302380
0.302381
0.302385
0.302385
0.302389
0.302390
0.302394
0.302394
0.302398
0.302398
0.302402
0.302402
0.302406
0.302406
0.302410
0.302410
0.302413
0.302414
0.302417
0.302418
0.302421
0.302421
0.302424
0.302424
0.302427
0.302428
0.302430
0.302431
0.302433
0.302434
0.302436
0.302437
0.302439
0.302439
0.302442
0.302442
0.302444
0.302444
0.302447
0.302447
0.302449
0.302449
0.302451
0.302451
0.302453
0.302453
0.302455
0.302455
0.302457
0.302457
0.302459
0.302459
0.302460
0.302461
0.302462
0.302462
0.302463
0.302463
0.302465
0.302465
0.302466
0.302466
0.302467
0.302467
0.302468
0.302468
0.302469
0.302469
0.302469
0.302469
0.302470
0.302470
0.302471
0.302471
0.302471
0.302471
0.302471
0.302471
0.302472
0.302471
0.302472
0.302472
0.302472
0.302472
0.302472
0.302471
0.302471
0.302471
0.302471
0.302471
0.302471
0.302471
0.302470
0.302470
0.302469
0.302469
0.302470
0.302470
0.302467
0.302467
0.302467
0.302467
0.302467
0.302467
0.302464
0.302464
0.302465
0.302465
0.302461
0.302461
0.302463
0.302463
0.302459
0.302459
0.302460
0.302459
0.302459
0.302454
0.302454
0.302456
0.302456
0.302451
0.302452
0.302452
0.302448
0.302448
0.302449
0.302449
0.302445
0.302445
0.302446
0.302446
0.302437
0.302437
0.302443
0.302443
0.302434
0.302434
0.302435
0.302434
0.302434
0.302428
0.302428
0.302429
0.302429
0.302423
0.302423
0.302422
0.302422
0.302422
0.302415
0.302415
0.302417
0.302417
0.302410
0.302410
0.302409
0.302409
0.302409
0.302401
0.302401
0.302402
0.302401
0.302401
0.302392
0.302392
0.302394
0.302394
0.302387
0.302388
0.302388
0.302382
0.302382
0.302381
0.302380
0.302380
0.302372
0.302372
0.302372
0.302371
0.302371
0.302362
0.302362
0.302363
0.302362
0.302362
0.302352
0.302352
0.302353
0.302352
0.302352
0.302342
0.302342
0.302343
0.302342
0.302342
0.302332
0.302333
0.302333
0.302328
0.302328
0.302326
0.302326
0.302318
0.302318
0.302318
0.302312
0.302312
0.302312
0.302312
0.302302
0.302304
0.302304
0.302299
0.302299
0.302293
0.302293
0.302292
0.302290
0.302290
0.302278
0.302278
0.302280
0.302280
0.302273
0.302274
0.302274
0.302266
0.302266
0.302262
0.302262
0.302259
0.302257
0.302257
0.302247
0.302247
0.302248
0.302248
0.302240
0.302241
0.302241
0.302234
0.302234
0.302229
0.302229
0.302226
0.302225
0.302225
0.302214
0.302214
0.302215
0.302215
0.302207
0.302208
0.302208
0.302201
0.302201
0.302196
0.302196
0.302193
0.302192
0.302192
0.302181
0.302181
0.302182
0.302182
0.302174
0.302175
0.302175
0.302168
0.302168
0.302163
0.302163
0.302160
0.302159
0.302159
0.302148
0.302148
0.302149
0.302149
0.302141
0.302142
0.302142
0.302135
0.302135
0.302131
0.302131
0.302128
0.302126
0.302126
0.302116
0.302116
0.302117
0.302117
0.302109
0.302110
0.302110
0.302104
0.302104
0.302099
0.302099
0.302096
0.302094
0.302094
0.302084
0.302084
0.302086
0.302086
0.302078
0.302079
0.302079
0.302073
0.302073
0.302068
0.302068
0.302065
0.302064
0.302064
0.302054
0.302054
0.302056
0.302056
0.302048
0.302049
0.302049
0.302043
0.302043
0.302039
0.302039
0.302036
0.302035
0.302035
0.302026
0.302026
0.302027
0.302027
0.302020
0.302021
0.302021
0.302016
0.302015
0.302011
0.302011
0.302009
0.302008
0.302008
0.301999
0.301999
0.302000
0.302000
0.301994
0.301995
0.301995
0.301990
0.301990
0.301986
0.301986
0.301984
0.301983
0.301983
0.301975
0.301975
0.301976
0.301976
0.301970
0.301971
0.301971
0.301967
0.301967
0.301963
0.301963
0.301961
0.301960
0.301960
0.301953
0.301953
0.301954
0.301954
0.301949
0.301950
0.301950
0.301946
0.301946
0.301942
0.301942
0.301941
0.301940
0.301940
0.301934
0.301934
0.301935
0.301935
0.301931
0.301931
0.301931
0.301928
0.301928
0.301925
0.301925
0.301924
0.301923
0.301923
0.301919
0.301919
0.301918
0.301918
0.301918
0.301914
0.301914
0.301913
0.301913
0.301913
0.301909
0.301909
0.301908
0.301908
0.301908
0.301905
0.301905
0.301904
0.301904
0.301904
0.301901
0.301901
0.301900
0.301900
0.301900
0.301898
0.301898
0.301897
0.301897
0.301897
0.301894
0.301894
0.301894
0.301894
0.301894
0.301892
0.301892
0.301891
0.301891
0.301891
0.301889
0.301889
0.301889
0.301889
0.301889
0.301888
0.301888
0.301887
0.301887
0.301887
0.301886
0.301886
0.301886
0.301886
0.301886
0.301885
0.301885
0.301885
0.301885
0.301885
0.301885
0.301885
0.301885
0.301885
0.301885
0.301885
0.301885
0.301884
0.301885
0.301885
0.301885
0.301885
0.301885
0.301885
0.301885
0.301886
0.301886
0.301885
0.301886
0.301886
0.301887
0.301887
0.301887
0.301888
0.301888
0.301889
0.301889
0.301888
0.301889
0.301889
0.301890
0.301890
0.301891
0.301892
0.301891
0.301893
0.301893
0.301893
0.301894
0.301894
0.301896
0.301896
0.301896
0.301897
0.301897
0.301899
0.301899
0.301899
0.301900
0.301900
0.301903
0.301903
0.301904
0.301904
0.301904
0.301907
0.301907
0.301907
0.301909
0.301909
0.301911
0.301911
0.301912
0.301913
0.301913
0.301916
0.301916
0.301917
0.301918
0.301918
0.301921
0.301921
0.301923
0.301924
0.301924
0.301927
0.301927
0.301928
0.301930
0.301930
0.301933
0.301933
0.301935
0.301936
0.301936
0.301940
0.301940
0.301941
0.301942
0.301942
0.301946
0.301946
0.301948
0.301949
0.301949
0.301954
0.301954
0.301955
0.301956
0.301956
0.301961
0.301961
0.301963
0.301964
0.301964
0.301969
0.301969
0.301971
0.301972
0.301972
0.301977
0.301977
0.301979
0.301981
0.301981
0.301986
0.301986
0.301988
0.301989
0.301989
0.301995
0.301995
0.301997
0.301998
0.301998
0.302004
0.302004
0.302006
0.302008
0.302008
0.302013
0.302013
0.302016
0.302017
0.302017
0.302023
0.302023
0.302025
0.302027
0.302027
0.302033
0.302033
0.302036
0.302037
0.302037
0.302043
0.302043
0.302046
0.302048
0.302048
0.302054
0.302054
0.302057
0.302058
0.302058
0.302066
0.302066
0.302066
0.302066
0.302075
0.302074
0.302074
0.302079
0.302079
0.302084
0.302084
0.302088
0.302089
0.302089
0.302098
0.302098
0.302098
0.302098
0.302107
0.302107
0.302107
0.302112
0.302112
0.302117
0.302117
0.302121
0.302123
0.302123
0.302129
0.302129
0.302133
0.302135
0.302135
0.302141
0.302141
0.302145
0.302146
0.302146
0.302155
0.302155
0.302156
0.302156
0.302165
0.302165
0.302165
0.302170
0.302170
0.302176
0.302176
0.302180
0.302182
0.302182
0.302191
0.302191
0.302192
0.302192
0.302201
0.302201
0.302201
0.302206
0.302206
0.302212
0.302212
0.302217
0.302218
0.302218
0.302228
0.302228
0.302228
0.302228
0.302237
0.302238
0.302238
0.302243
0.302243
0.302249
0.302249
0.302254
0.302255
0.302255
0.302265
0.302265
0.302265
0.302265
0.302275
0.302275
0.302275
0.302281
0.302281
0.302287
0.302287
0.302291
0.302293
0.302293
0.302303
0.302303
0.302303
0.302303
0.302313
0.302313
0.302313
0.302318
0.302318
0.302322
0.302322
0.302334
0.302334
0.302332
0.302335
0.302335
0.302345
0.302345
0.302347
0.302348
0.302348
0.302360
0.302360
0.302360
0.302360
0.302369
0.302370
0.302370
0.302376
0.302376
0.302379
0.302379
0.302391
0.302391
0.302389
0.302392
0.302392
0.302402
0.302402
0.302404
0.302405
0.302405
0.302416
0.302416
0.302417
0.302417
0.302425
0.302426
0.302426
0.302432
0.302432
0.302435
0.302435
0.302447
0.302446
0.302446
0.302448
0.302448
0.302457
0.302457
0.302460
0.302461
0.302461
0.302472
0.302472
0.302472
0.302472
0.302480
0.302481
0.302481
0.302487
0.302487
0.302490
0.302490
0.302501
0.302501
0.302500
0.302503
0.302503
0.302512
0.302512
0.302514
0.302515
0.302515
0.302526
0.302526
0.302526
0.302526
0.302534
0.302534
0.302534
0.302540
0.302540
0.302543
0.302543
0.302554
0.302554
0.302553
0.302555
0.302555
0.302564
0.302564
0.302566
0.302567
0.302567
0.302577
0.302577
0.302577
0.302577
0.302585
0.302585
0.302585
0.302590
0.302590
0.302594
0.302594
0.302604
0.302604
0.302602
0.302605
0.302605
0.302613
0.302613
0.302615
0.302616
0.302616
0.302625
0.302625
0.302625
0.302625
0.302633
0.302633
0.302633
0.302638
0.302638
0.302641
0.302641
0.302651
0.302651
0.302649
0.302651
0.302651
0.302659
0.302659
0.302661
0.302662
0.302662
0.302670
0.302670
0.302670
0.302670
0.302678
0.302678
0.302678
0.302682
0.302682
0.302685
0.302685
0.302694
0.302694
0.302692
0.302694
0.302694
0.302701
0.302701
0.302703
0.302704
0.302704
0.302711
0.302711
0.302712
0.302712
0.302718
0.302718
0.302718
0.302722
0.302722
0.302724
0.302724
0.302733
0.302733
0.302731
0.302733
0.302733
0.302739
0.302739
0.302741
0.302742
0.302742
0.302748
0.302748
0.302749
0.302749
0.302754
0.302755
0.302755
0.302757
0.302757
0.302764
0.302764
0.302763
0.302763
0.302767
0.302769
0.302769
0.302772
0.302772
0.302776
0.302776
0.302776
0.302780
0.302780
0.302781
0.302781
0.302787
0.302787
0.302787
0.302788
0.302788
0.302795
0.302795
0.302794
0.302795
0.302795
0.302802
0.302802
0.302801
0.302801
0.302805
0.302805
0.302807
0.302808
0.302808
0.302811
0.302811
0.302814
0.302814
0.302814
0.302818
0.302818
0.302819
0.302819
0.302823
0.302823
0.302823
0.302824
0.302824
0.302829
0.302829
0.302829
0.302829
0.302831
0.302832
0.302832
0.302835
0.302835
0.302837
0.302837
0.302837
0.302840
0.302840
0.302841
0.302841
0.302845
0.302845
0.302845
0.302845
0.302845
0.302849
0.302849
0.302849
0.302850
0.302850
0.302854
0.302854
0.302854
0.302854
0.302856
0.302856
0.302857
0.302858
0.302858
0.302860
0.302860
0.302861
0.302861
0.302863
0.302864
0.302864
0.302864
0.302864
0.302867
0.302867
0.302867
0.302867
0.302867
0.302870
0.302870
0.302870
0.302870
0.302872
0.302872
0.302873
0.302873
0.302873
0.302875
0.302875
0.302875
0.302875
0.302877
0.302877
0.302877
0.302878
0.302878
0.302880
0.302880
0.302880
0.302880
0.302880
0.302881
0.302881
0.302882
0.302882
0.302883
0.302883
0.302883
0.302884
0.302884
0.302884
0.302884
0.302885
0.302885
0.302886
0.302886
0.302886
0.302886
0.302886
0.302887
0.302887
0.302888
0.302888
0.302888
0.302888
0.302888
0.302889
0.302889
0.302889
0.302889
0.302890
0.302890
0.302890
0.302890
0.302890
0.302890
0.302890
0.302891
0.302891
0.302891
0.302891
0.302891
0.302891
0.302891
0.302891
0.302891
0.302891
0.302891
0.302891
0.302891
0.302891
0.302892
0.302892
0.302892
0.302892
0.302892
0.302891
0.302891
0.302892
0.302892
0.302892
0.302892
0.302892
0.302891
0.302891
0.302891
0.302891
0.302891
0.302891
0.302891
0.302891
0.302891
0.302891
0.302891
0.302889
0.302889
0.302890
0.302890
0.302890
0.302890
0.302890
0.302889
0.302889
0.302888
0.302888
0.302889
0.302889
0.302889
0.302887
0.302887
0.302888
0.302888
0.302887
0.302887
0.302887
0.302886
0.302886
0.302885
0.302885
0.302885
0.302885
0.302885
0.302885
0.302885
0.302884
0.302884
0.302882
0.302882
0.302883
0.302883
0.302882
0.302882
0.302882
0.302881
0.302881
0.302879
0.302879
0.302880
0.302880
0.302880
0.302877
0.302877
0.302878
0.302878
0.302877
0.302877
0.302876
0.302876
0.302876
0.302874
0.302874
0.302874
0.302874
0.302873
0.302873
0.302873
0.302872
0.302872
0.302870
0.302870
0.302870
0.302870
0.302869
0.302869
0.302869
0.302868
0.302868
0.302866
0.302866
0.302867
0.302866
0.302866
0.302864
0.302864
0.302864
0.302864
0.302863
0.302863
0.302862
0.302862
0.302862
0.302860
0.302860
0.302860
0.302860
0.302858
0.302858
0.302858
0.302857
0.302857
0.302855
0.302855
0.302854
0.302854
0.302853
0.302853
0.302853
0.302853
0.302853
0.302851
0.302851
0.302849
0.302849
0.302848
0.302848
0.302848
0.302848
0.302848
0.302846
0.302846
0.302844
0.302844
0.302843
0.302843
0.302843
0.302843
0.302843
0.302841
0.302841
0.302840
0.302840
0.302838
0.302838
0.302838
0.302838
0.302838
0.302836
0.302836
0.302834
0.302834
0.302834
0.302834
0.302834
0.302832
0.302832
0.302830
0.302830
0.302830
0.302830
0.302830
0.302827
0.302827
0.302827
0.302827
0.302826
0.302826
0.302826
0.302825
0.302825
0.302823
0.302823
0.302822
0.302822
0.302820
0.302820
0.302820
0.302820
0.302820
0.302818
0.302818
0.302817
0.302817
0.302815
0.302815
0.302815
0.302815
0.302815
0.302813
0.302813
0.302810
0.302810
0.302811
0.302811
0.302811
0.302810
0.302810
0.302808
0.302808
0.302806
0.302806
0.302806
0.302806
0.302806
0.302804
0.302804
0.302803
0.302803
0.302801
0.302802
0.302802
0.302802
0.302802
0.302800
0.302800
0.302799
0.302799
0.302797
0.302797
0.302797
0.302797
0.302797
0.302795
0.302795
0.302794
0.302794
0.302792
0.302792
0.302792
0.302792
0.302792
0.302791
0.302791
0.302790
0.302789
0.302789
0.302789
0.302789
0.302788
0.302788
0.302787
0.302787
0.302786
0.302786
0.302784
0.302784
0.302784
0.302784
0.302784
0.302783
0.302783
0.302782
0.302782
0.302780
0.302780
0.302780
0.302780
0.302780
0.302779
0.302779
0.302778
0.302777
0.302777
0.302777
0.302777
0.302776
0.302776
0.302776
0.302776
0.302775
0.302775
0.302773
0.302773
0.302773
0.302773
0.302773
0.302772
0.302772
0.302771
0.302771
0.302770
0.302770
0.302770
0.302770
0.302770
0.302770
0.302770
0.302768
0.302768
0.302767
0.302767
0.302767
0.302767
0.302767
0.302767
0.302767
0.302766
0.302766
0.302764
0.302764
0.302764
0.302764
0.302764
0.302764
0.302764
0.302764
0.302763
0.302763
0.302763
0.302763
0.302762
0.302762
0.302762
0.302762
0.302761
0.302761
0.302760
0.302760
0.302760
0.302760
0.302760
0.302760
0.302760
0.302759
0.302759
0.302758
0.302758
0.302758
0.302759
0.302759
0.302758
0.302758
0.302758
0.302758
0.302756
0.302756
0.302756
0.302757
0.302757
0.302757
0.302757
0.302757
0.302757
0.302756
0.302756
0.302756
0.302756
0.302756
0.302756
0.302756
0.302756
0.302756
0.302754
0.302754
0.302754
0.302755
0.302755
0.302755
0.302755
0.302755
0.302755
0.302755
0.302755
0.302755
0.302755
0.302755
0.302754
0.302754
0.302754
0.302754
0.302754
0.302754
0.302754
0.302754
0.302754
0.302755
0.302755
0.302755
0.302755
0.302754
0.302754
0.302754
0.302755
0.302755
0.302755
0.302755
0.302755
0.302755
0.302754
0.302754
0.302754
0.302754
0.302754
0.302755
0.302755
0.302756
0.302756
0.302756
0.302755
0.302755
0.302756
0.302756
0.302756
0.302756
0.302756
0.302756
0.302755
0.302755
0.302755
0.302756
0.302756
0.302757
0.302757
0.302757
0.302757
0.302758
0.302758
0.302757
0.302757
0.302757
0.302758
0.302758
0.302758
0.302758
0.302759
0.302759
0.302758
0.302758
0.302758
0.302759
0.302759
0.302760
0.302760
0.302761
0.302761
0.302761
0.302761
0.302761
0.302761
0.302761
0.302762
0.302762
0.302762
0.302762
0.302763
0.302763
0.302763
0.302763
0.302763
0.302764
0.302764
0.302764
0.302764
0.302765
0.302765
0.302765
0.302765
0.302765
0.302766
0.302766
0.302766
0.302766
0.302767
0.302767
0.302768
0.302768
0.302768
0.302769
0.302769
0.302769
0.302769
0.302770
0.302770
0.302771
0.302771
0.302771
0.302771
0.302772
0.302772
0.302772
0.302773
0.302773
0.302774
0.302774
0.302774
0.302774
0.302775
0.302775
0.302776
0.302776
0.302776
0.302776
0.302776
0.302777
0.302777
0.302778
0.302778
0.302779
0.302779
0.302780
0.302780
0.302780
0.302780
0.302780
0.302782
0.302782
0.302782
0.302782
0.302783
0.302783
0.302784
0.302784
0.302784
0.302785
0.302785
0.302786
0.302786
0.302787
0.302787
0.302788
0.302788
0.302788
0.302788
0.302790
0.302790
0.302790
0.302790
0.302790
0.302791
0.302791
0.302792
0.302792
0.302793
0.302793
0.302794
0.302794
0.302794
0.302795
0.302795
0.302796
0.302796
0.302797
0.302797
0.302798
0.302799
0.302799
0.302799
0.302799
0.302800
0.302800
0.302801
0.302801
0.302802
0.302802
0.302803
0.302803
0.302803
0.302804
0.302804
0.302806
0.302806
0.302806
0.302806
0.302807
0.302807
0.302808
0.302808
0.302809
0.302810
0.302810
0.302810
0.302810
0.302812
0.302812
0.302813
0.302813
0.302814
0.302814
0.302814
0.302815
0.302815
0.302816
0.302816
0.302817
0.302817
0.302818
0.302818
0.302819
0.302819
0.302819
0.302819
0.302821
0.302821
0.302822
0.302822
0.302822
0.302823
0.302823
0.302824
0.302824
0.302825
0.302825
0.302826
0.302827
0.302827
0.302827
0.302827
0.302828
0.302828
0.302830
0.302830
0.302831
0.302831
0.302832
0.302832
0.302832
0.302832
0.302834
0.302833
0.302833
0.302835
0.302835
0.302835
0.302835
0.302837
0.302837
0.302838
0.302838
0.302839
0.302839
0.302839
0.302840
0.302840
0.302841
0.302841
0.302842
0.302842
0.302843
0.302843
0.302844
0.302845
0.302845
0.302845
0.302845
0.302846
0.302846
0.302847
0.302847
0.302848
0.302848
0.302849
0.302849
0.302850
0.302851
0.302851
0.302851
0.302851
0.302853
0.302853
0.302854
0.302854
0.302855
0.302855
0.302855
0.302855
0.302856
0.302856
0.302856
0.302857
0.302857
0.302859
0.302859
0.302860
0.302860
0.302861
0.302861
0.302861
0.302861
0.302862
0.302862
0.302863
0.302863
0.302863
0.302864
0.302864
0.302865
0.302865
0.302866
0.302866
0.302867
0.302867
0.302868
0.302868
0.302868
0.302868
0.302868
0.302870
0.302870
0.302871
0.302871
0.302872
0.302872
0.302873
0.302873
0.302873
0.302873
0.302873
0.302874
0.302874
0.302875
0.302875
0.302876
0.302876
0.302877
0.302877
0.302878
0.302878
0.302879
0.302879
0.302879
0.302879
0.302879
0.302880
0.302880
0.302881
0.302881
0.302882
0.302882
0.302883
0.302883
0.302883
0.302883
0.302883
0.302885
0.302885
0.302885
0.302885
0.302886
0.302886
0.302887
0.302887
0.302887
0.302887
0.302887
0.302887
0.302887
0.302888
0.302888
0.302890
0.302890
0.302890
0.302891
0.302891
0.302891
0.302891
0.302891
0.302891
0.302892
0.302892
0.302894
0.302894
0.302894
0.302894
0.302894
0.302894
0.302895
0.302895
0.302895
0.302895
0.302895
0.302896
0.302896
0.302897
0.302897
0.302897
0.302897
0.302898
0.302898
0.302898
0.302898
0.302898
0.302899
0.302899
0.302900
0.302900
0.302901
0.302901
0.302901
0.302901
0.302901
0.302901
0.302901
0.302901
0.302901
0.302902
0.302902
0.302903
0.302903
0.302904
0.302904
0.302904
0.302904
0.302904
0.302904
0.302904
0.302905
0.302905
0.302906
0.302906
0.302906
0.302906
0.302906
0.302906
0.302907
0.302906
0.302906
0.302907
0.302907
0.302907
0.302907
0.302908
0.302908
0.302908
0.302908
0.302909
0.302909
0.302909
0.302909
0.302909
0.302909
0.302909
0.302910
0.302910
0.302910
0.302910
0.302910
0.302910
0.302910
0.302910
0.302910
0.302911
0.302911
0.302911
0.302911
0.302912
0.302912
0.302912
0.302912
0.302912
0.302912
0.302912
0.302912
0.302912
0.302912
0.302912
0.302913
0.302913
0.302913
0.302913
0.302913
0.302913
0.302913
0.302913
0.302913
0.302913
0.302913
0.302913
0.302913
0.302913
0.302913
0.302914
0.302914
0.302914
0.302914
0.302914
0.302914
0.302914
0.302914
0.302914
0.302914
0.302914
0.302915
0.302915
0.302915
0.302914
0.302914
0.302914
0.302914
0.302914
0.302914
0.302915
0.302915
0.302915
0.302915
0.302915
0.302915
0.302915
0.302915
0.302915
0.302914
0.302914
0.302915
0.302915
0.302915
0.302915
0.302915
0.302915
0.302915
0.302915
0.302915
0.302914
0.302914
0.302915
0.302915
0.302915
0.302915
0.302915
0.302915
0.302915
0.302914
0.302914
0.302914
0.302914
0.302914
0.302914
0.302915
0.302915
0.302915
0.302914
0.302914
0.302914
0.302914
0.302914
0.302914
0.302914
0.302914
0.302914
0.302914
0.302914
0.302914
0.302914
0.302914
0.302914
0.302913
0.302913
0.302913
0.302913
0.302913
0.302913
0.302913
0.302913
0.302913
0.302912
0.302912
0.302912
0.302912
0.302912
0.302912
0.302912
0.302912
0.302912
0.302912
0.302912
0.302912
0.302912
0.302911
0.302911
0.302912
0.302912
0.302910
0.302911
0.302911
0.302910
0.302910
0.302910
0.302910
0.302910
0.302910
0.302910
0.302910
0.302910
0.302910
0.302910
0.302910
0.302910
0.302909
0.302909
0.302908
0.302908
0.302909
0.302909
0.302908
0.302908
0.302908
0.302906
0.302906
0.302908
0.302907
0.302907
0.302908
0.302908
0.302908
0.302907
0.302907
0.302907
0.302907
0.302905
0.302905
0.302907
0.302905
0.302905
0.302907
0.302907
0.302900
0.302900
0.302914
0.302902
0.302902
0.302903
0.302903
0.302907
0.302907
0.302901
0.302903
0.302903
0.302903
0.302903
0.302903
0.302902
0.302902
0.302902
0.302902
0.302902
0.302902
0.302902
0.302902
0.302899
0.302899
0.302899
0.302903
0.302903
0.302897
0.302897
0.302901
0.302901
0.302898
0.302899
0.302899
0.302897
0.302897
0.302897
0.302897
0.302898
0.302898
0.302898
0.302898
0.302898
0.302898
0.302898
0.302897
0.302897
0.302896
0.302896
0.302896
0.302896
0.302892
0.302894
0.302894
0.302896
0.302896
0.302896
0.302896
0.302889
0.302894
0.302894
0.302893
0.302893
0.302896
0.302896
0.302889
0.302892
0.302892
0.302891
0.302891
0.302891
0.302891
0.302891
0.302891
0.302891
0.302891
0.302890
0.302890
0.302890
0.302890
0.302890
0.302890
0.302889
0.302889
0.302889
0.302889
0.302889
0.302889
0.302888
0.302888
0.302888
0.302887
0.302887
0.302886
0.302886
0.302886
0.302886
0.302885
0.302886
0.302886
0.302886
0.302886
0.302885
0.302885
0.302885
0.302885
0.302884
0.302884
0.302884
0.302884
0.302884
0.302883
0.302883
0.302883
0.302883
0.302882
0.302882
0.302879
0.302883
0.302883
0.302883
0.302883
0.302879
0.302879
0.302881
0.302883
0.302883
0.302877
0.302877
0.302878
0.302878
0.302882
0.302882
0.302878
0.302877
0.302877
0.302877
0.302877
0.302878
0.302880
0.302880
0.302878
0.302877
0.302877
0.302877
0.302877
0.302876
0.302876
0.302875
0.302875
0.302873
0.302878
0.302878
0.302873
0.302873
0.302878
0.302874
0.302874
0.302871
0.302871
0.302879
0.302879
0.302867
0.302867
0.302878
0.302877
0.302877
0.302866
0.302866
0.302877
0.302877
0.302867
0.302872
0.302872
0.302872
0.302872
0.302872
0.302871
0.302870
0.302870
0.302869
0.302869
0.302869
0.302869
0.302869
0.302870
0.302870
0.302871
0.302871
0.302865
0.302866
0.302867
0.302867
0.302867
0.302867
0.302868
0.302869
0.302869
0.302869
0.302868
0.302868
0.302867
0.302867
0.302867
0.302867
0.302866
0.302866
0.302862
0.302864
0.302870
0.302868
0.302859
0.302867
0.302860
0.302870
0.302866
0.302864
0.302864
0.302864
0.302864
0.302865
0.302865
0.302864
0.302864
0.302863
0.302863
0.302863
0.302863
0.302862
0.302862
0.302862
0.302862
0.302862
0.302862
0.302862
0.302862
0.302862
0.302862
0.302862
0.302862
0.302862
0.302862
0.302861
0.302861
0.302861
0.302861
0.302861
0.302860
0.302860
0.302860
0.302860
0.302860
0.302860
0.302860
0.302860
0.302860
0.302860
0.302860
0.302860
0.302859
0.302859
0.302859
0.302859
0.302859
0.302859
0.302859
0.302859
0.302859
0.302859
0.302858
0.302858
0.302858
0.302858
0.302858
0.302858
0.302858
0.302858
0.302858
0.302858
0.302858
0.302858
0.302858
0.302858
0.302857
0.302857
0.302857
0.302857
0.302857
0.302857
0.302857
0.302857
0.302857
0.302857
0.302857
0.302857
0.302856
0.302857
0.302856
0.302856
0.302856
0.302856
0.302856
0.302856
0.302856
0.302856
0.302856
0.302856
0.302856
0.302856
0.302856
0.302856
0.302856
0.302856
0.302856
0.302856
0.302856
0.302855
0.302855
0.302855
0.302855
0.302855
0.302855
0.302855
0.302855
0.302855
0.302855
0.302855
0.302855
0.302855
0.302855
0.302855
0.302855
0.302855
0.302855
0.302855
0.302855
0.302855
0.302855
0.302855
0.302855
0.302855
0.302855
0.302855
0.302855
0.302855
0.302855
0.302855
0.302855
0.302855
0.302855
0.302855
0.302855
0.302855
0.302855
0.302855
0.302855
0.302855
0.302855
0.302855
0.302855
0.302855
0.302855
0.302855
0.302855
0.302855
0.302855
0.302855
0.302855
0.302855
0.302855
0.302855
0.302855
0.302855
0.302855
0.302855
0.302855
0.302855
0.302855
0.302855
0.302855
0.302855
0.302855
0.302855
0.302855
0.302855
0.302855
0.302855
0.302855
0.302855
0.302855
0.302855
0.302855
0.302855
0.302856
0.302856
0.302856
0.302856
0.302856
0.302856
0.302856
0.302856
0.302856
0.302856
0.302856
0.302856
0.302856
0.302856
0.302856
0.302856
0.302856
0.302856
0.302856
0.302856
0.302856
0.302856
0.302857
0.302857
0.302857
0.302857
0.302857
0.302857
0.302857
0.302857
0.302857
0.302857
0.302857
0.302857
0.302857
0.302857
0.302857
0.302858
0.302858
0.302858
0.302858
0.302858
0.302857
0.302857
0.302857
0.302858
0.302858
0.302857
0.302858
0.302858
0.302859
0.302863
0.302861
0.302852
0.302857
0.302858
0.302859
0.302859
0.302860
0.302861
0.302861
0.302861
0.302860
0.302860
0.302859
0.302856
0.302858
0.302859
0.302860
0.302861
0.302862
0.302859
0.302859
0.302860
0.302860
0.302861
0.302861
0.302861
0.302861
0.302861
0.302861
0.302860
0.302860
0.302860
0.302862
0.302862
0.302864
0.302863
0.302856
0.302857
0.302873
0.302862
0.302861
0.302861
0.302861
0.302862
0.302862
0.302862
0.302863
0.302863
0.302863
0.302863
0.302863
0.302862
0.302861
0.302863
0.302868
0.302866
0.302856
0.302859
0.302878
0.302857
0.302858
0.302867
0.302867
0.302867
0.302866
0.302865
0.302859
0.302861
0.302863
0.302865
0.302867
0.302868
0.302868
0.302868
0.302866
0.302860
0.302862
0.302864
0.302874
0.302863
0.302864
0.302873
0.302871
0.302854
0.302858
0.302878
0.302877
0.302858
0.302861
0.302876
0.302874
0.302866
0.302865
0.302865
0.302865
0.302867
0.302869
0.302874
0.302872
0.302870
0.302868
0.302866
0.302863
0.302865
0.302867
0.302885
0.302880
0.302846
0.302851
0.302909
0.302857
0.302859
0.302862
0.302875
0.302876
0.302875
0.302874
0.302864
0.302866
0.302869
0.302872
0.302873
0.302874
0.302873
0.302873
0.302872
0.302869
0.302873
0.302873
0.302868
0.302868
0.302870
0.302872
0.302877
0.302876
0.302869
0.302870
0.302872
0.302874
0.302876
0.302876
0.302871
0.302872
0.302873
0.302874
0.302875
0.302875
0.302874
0.302874
0.302875
0.302874
0.302873
0.302874
0.302875
0.302875
0.302876
0.302875
0.302875
0.302875
0.302876
0.302876
0.302872
0.302873
0.302879
0.302879
0.302875
0.302875
0.302876
0.302876
0.302880
0.302879
0.302872
0.302872
0.302880
0.302880
0.302880
0.302879
0.302872
0.302873
0.302885
0.302879
0.302878
0.302875
0.302876
0.302879
0.302878
0.302877
0.302878
0.302879
0.302880
0.302882
0.302881
0.302875
0.302875
0.302879
0.302880
0.302885
0.302884
0.302882
0.302881
0.302869
0.302871
0.302898
0.302890
0.302886
0.302848
0.302857
0.302915
0.302909
0.302856
0.302861
0.302901
0.302897
0.302863
0.302867
0.302886
0.302887
0.302884
0.302884
0.302882
0.302882
0.302880
0.302880
0.302880
0.302881
0.302888
0.302887
0.302885
0.302883
0.302881
0.302880
0.302879
0.302886
0.302884
0.302879
0.302880
0.302885
0.302885
0.302884
0.302884
0.302883
0.302883
0.302883
0.302883
0.302884
0.302884
0.302885
0.302885
0.302885
0.302885
0.302885
0.302882
0.302882
0.302895
0.302892
0.302872
0.302874
0.302895
0.302894
0.302879
0.302880
0.302890
0.302890
0.302887
0.302886
0.302883
0.302883
0.302887
0.302887
0.302888
0.302887
0.302887
0.302886
0.302886
0.302886
0.302888
0.302887
0.302886
0.302886
0.302886
0.302886
0.302888
0.302889
0.302889
0.302888
0.302883
0.302885
0.302889
0.302889
0.302887
0.302888
0.302889
0.302888
0.302886
0.302887
0.302888
0.302888
0.302888
0.302888
0.302889
0.302888
0.302888
0.302888
0.302888
0.302888
0.302887
0.302888
0.302888
0.302894
0.302890
0.302889
0.302886
0.302886
0.302888
0.302889
0.302894
0.302893
0.302892
0.302886
0.302886
0.302887
0.302887
0.302896
0.302894
0.302886
0.302885
0.302887
0.302887
0.302895
0.302895
0.302889
0.302888
0.302888
0.302888
0.302894
0.302891
0.302890
0.302886
0.302887
0.302890
0.302892
0.302896
0.302889
0.302888
0.302889
0.302891
0.302891
0.302892
0.302892
0.302891
0.302891
0.302890
0.302890
0.302889
0.302890
0.302893
0.302889
0.302889
0.302891
0.302891
0.302892
0.302892
0.302890
0.302890
0.302889
0.302890
0.302893
0.302893
0.302891
0.302891
0.302891
0.302891
0.302891
0.302891
0.302892
0.302892
0.302891
0.302891
0.302891
0.302892
0.302892
0.302891
0.302891
0.302892
0.302892
0.302891
0.302891
0.302892
0.302892
0.302892
0.302891
0.302891
0.302891
0.302891
0.302892
0.302892
0.302894
0.302892
0.302892
0.302890
0.302890
0.302891
0.302891
0.302895
0.302893
0.302892
0.302890
0.302889
0.302891
0.302891
0.302895
0.302892
0.302892
0.302890
0.302890
0.302891
0.302891
0.302896
0.302893
0.302892
0.302889
0.302889
0.302891
0.302891
0.302896
0.302893
0.302892
0.302889
0.302889
0.302891
0.302891
0.302896
0.302893
0.302892
0.302889
0.302889
0.302891
0.302891
0.302896
0.302893
0.302892
0.302889
0.302889
0.302891
0.302895
0.302895
0.302892
0.302890
0.302887
0.302889
0.302890
0.302893
0.302893
0.302893
0.302891
0.302891
0.302891
0.302891
0.302891
0.302891
0.302892
0.302891
0.302891
0.302891
0.302890
0.302890
0.302890
0.302892
0.302893
0.302892
0.302891
0.302889
0.302890
0.302892
0.302892
0.302890
0.302890
0.302890
0.302891
0.302892
0.302891
0.302890
0.302890
0.302890
0.302891
0.302891
0.302891
0.302890
0.302890
0.302890
0.302891
0.302891
0.302891
0.302890
0.302890
0.302890
0.302890
0.302890
0.302889
0.302890
0.302892
0.302892
0.302888
0.302889
0.302890
0.302891
0.302892
0.302890
0.302889
0.302889
0.302890
0.302890
0.302890
0.302890
0.302890
0.302889
0.302889
0.302889
0.302890
0.302889
0.302890
0.302889
0.302889
0.302889
0.302889
0.302889
0.302889
0.302889
0.302889
0.302889
0.302889
0.302889
0.302889
0.302889
0.302889
0.302888
0.302888
0.302889
0.302889
0.302889
0.302889
0.302888
0.302888
0.302888
0.302888
0.302889
0.302888
0.302888
0.302888
0.302888
0.302888
0.302888
0.302888
0.302888
0.302888
0.302888
0.302888
0.302888
0.302888
0.302887
0.302888
0.302887
0.302887
0.302888
0.302887
0.302887
0.302887
0.302887
0.302887
0.302887
0.302887
0.302887
0.302887
0.302887
0.302887
0.302887
0.302887
0.302886
0.302887
0.302887
0.302887
0.302887
0.302887
0.302886
0.302886
0.302886
0.302886
0.302886
0.302886
0.302886
0.302886
0.302886
0.302886
0.302886
0.302886
0.302886
0.302886
0.302886
0.302886
0.302886
0.302886
0.302886
0.302886
0.302885
0.302885
0.302885
0.302885
0.302885
0.302885
0.302885
0.302885
0.302885
0.302885
0.302885
0.302885
0.302884
0.302885
0.302885
0.302885
0.302885
0.302884
0.302885
0.302884
0.302884
0.302884
0.302884
0.302884
0.302884
0.302884
0.302884
0.302884
0.302884
0.302884
0.302884
0.302884
0.302884
0.302884
0.302884
0.302883
0.302883
0.302883
0.302884
0.302884
0.302883
0.302883
0.302883
0.302883
0.302883
0.302883
0.302883
0.302883
0.302883
0.302883
0.302883
0.302883
0.302883
0.302883
0.302883
0.302883
0.302883
0.302883
0.302882
0.302882
0.302882
0.302883
0.302882
0.302882
0.302882
0.302882
0.302882
0.302882
0.302882
0.302882
0.302882
0.302882
0.302882
0.302882
0.302882
0.302882
0.302881
0.302882
0.302882
0.302882
0.302882
0.302881
0.302881
0.302881
0.302882
0.302881
0.302881
0.302881
0.302881
0.302881
0.302881
0.302881
0.302881
0.302881
0.302881
0.302881
0.302881
0.302881
0.302880
0.302880
0.302881
0.302881
0.302881
0.302881
0.302880
0.302880
0.302880
0.302881
0.302880
0.302880
0.302880
0.302880
0.302880
0.302880
0.302880
0.302880
0.302880
0.302880
0.302880
0.302880
0.302880
0.302879
0.302879
0.302880
0.302880
0.302880
0.302880
0.302879
0.302879
0.302879
0.302880
0.302879
0.302879
0.302879
0.302879
0.302879
0.302879
0.302879
0.302879
0.302879
0.302879
0.302879
0.302879
0.302879
0.302879
0.302879
0.302879
0.302879
0.302879
0.302879
0.302878
0.302878
0.302879
0.302879
0.302879
0.302878
0.302878
0.302878
0.302878
0.302878
0.302878
0.302878
0.302878
0.302878
0.302878
0.302878
0.302878
0.302878
0.302878
0.302878
0.302878
0.302878
0.302878
0.302878
0.302878
0.302878
0.302878
0.302878
0.302878
0.302878
0.302878
0.302878
0.302878
0.302878
0.302877
0.302877
0.302878
0.302878
0.302878
0.302878
0.302877
0.302877
0.302877
0.302878
0.302877
0.302877
0.302877
0.302877
0.302877
0.302877
0.302877
0.302877
0.302877
0.302877
0.302877
0.302877
0.302877
0.302877
0.302877
0.302877
0.302877
0.302877
0.302877
0.302877
0.302877
0.302877
0.302877
0.302877
0.302877
0.302877
0.302877
0.302877
0.302877
0.302877
0.302877
0.302877
0.302877
0.302877
0.302877
0.302877
0.302877
0.302877
0.302877
0.302877
0.302877
0.302877
0.302877
0.302877
0.302876
0.302877
0.302877
0.302877
0.302877
0.302876
0.302876
0.302877
0.302876
0.302877
0.302877
0.302876
0.302876
0.302877
0.302877
0.302876
0.302877
0.302876
0.302876
0.302876
0.302876
0.302877
0.302876
0.302876
0.302876
0.302877
0.302876
0.302877
0.302876
0.302876
0.302876
0.302876
0.302876
0.302876
0.302876
0.302876
0.302876
0.302876
0.302876
0.302876
0.302876
0.302876
0.302876
0.302876
0.302876
0.302876
0.302876
0.302876
0.302876
0.302876
0.302876
0.302876
0.302876
0.302876
0.302876
0.302876
0.302876
0.302876
0.302876
0.302877
0.302876
0.302877
0.302876
0.302876
0.302875
0.302875
0.302877
0.302880
0.302877
0.302877
0.302874
0.302875
0.302879
0.302877
0.302877
0.302876
0.302875
0.302876
0.302876
0.302878
0.302876
0.302875
0.302876
0.302876
0.302877
0.302878
0.302877
0.302877
0.302874
0.302876
0.302882
0.302879
0.302878
0.302875
0.302874
0.302875
0.302876
0.302879
0.302875
0.302875
0.302876
0.302876
0.302878
0.302878
0.302877
0.302877
0.302874
0.302876
0.302881
0.302878
0.302877
0.302875
0.302875
0.302876
0.302877
0.302879
0.302878
0.302877
0.302874
0.302876
0.302876
0.302878
0.302878
0.302878
0.302876
0.302876
0.302876
0.302877
0.302877
0.302878
0.302878
0.302878
0.302878
0.302878
0.302876
0.302876
0.302876
0.302876
0.302882
0.302881
0.302874
0.302874
0.302876
0.302876
0.302881
0.302881
0.302877
0.302876
0.302876
0.302878
0.302877
0.302877
0.302877
0.302877
0.302877
0.302877
0.302881
0.302880
0.302880
0.302875
0.302875
0.302875
0.302876
0.302880
0.302880
0.302876
0.302877
0.302878
0.302878
0.302877
0.302878
0.302880
0.302880
0.302877
0.302877
0.302878
0.302878
0.302882
0.302881
0.302873
0.302873
0.302882
0.302882
0.302875
0.302876
0.302877
0.302882
0.302882
0.302878
0.302878
0.302878
0.302879
0.302879
0.302879
0.302878
0.302878
0.302879
0.302879
0.302878
0.302879
0.302878
0.302879
0.302880
0.302879
0.302877
0.302877
0.302878
0.302879
0.302880
0.302880
0.302879
0.302879
0.302879
0.302879
0.302877
0.302877
0.302878
0.302879
0.302880
0.302883
0.302882
0.302881
0.302879
0.302870
0.302872
0.302898
0.302872
0.302873
0.302875
0.302884
0.302884
0.302883
0.302879
0.302879
0.302879
0.302880
0.302878
0.302879
0.302878
0.302882
0.302882
0.302877
0.302879
0.302879
0.302879
0.302880
0.302880
0.302880
0.302880
0.302881
0.302881
0.302881
0.302879
0.302880
0.302878
0.302879
0.302887
0.302879
0.302879
0.302878
0.302878
0.302878
0.302880
0.302880
0.302881
0.302883
0.302884
0.302883
0.302873
0.302874
0.302893
0.302875
0.302877
0.302889
0.302880
0.302879
0.302879
0.302879
0.302880
0.302880
0.302881
0.302881
0.302882
0.302884
0.302881
0.302881
0.302880
0.302880
0.302880
0.302880
0.302882
0.302882
0.302882
0.302883
0.302883
0.302877
0.302879
0.302880
0.302882
0.302883
0.302884
0.302883
0.302882
0.302874
0.302895
0.302890
0.302863
0.302867
0.302893
0.302892
0.302880
0.302879
0.302878
0.302879
0.302880
0.302882
0.302882
0.302883
0.302883
0.302883
0.302883
0.302883
0.302882
0.302882
0.302881
0.302881
0.302881
0.302881
0.302881
0.302882
0.302882
0.302883
0.302883
0.302883
0.302882
0.302882
0.302882
0.302882
0.302882
0.302882
0.302882
0.302882
0.302882
0.302882
0.302883
0.302883
0.302882
0.302882
0.302882
0.302882
0.302883
0.302883
0.302882
0.302882
0.302882
0.302882
0.302882
0.302882
0.302883
0.302883
0.302883
0.302883
0.302884
0.302884
0.302883
0.302883
0.302883
0.302883
0.302882
0.302882
0.302883
0.302883
0.302883
0.302883
0.302883
0.302883
0.302883
0.302883
0.302883
0.302883
0.302883
0.302883
0.302883
0.302883
0.302883
0.302883
0.302883
0.302883
0.302883
0.302884
0.302884
0.302883
0.302883
0.302883
0.302883
0.302883
0.302883
0.302883
0.302883
0.302883
0.302883
0.302883
0.302883
0.302883
0.302883
0.302883
0.302884
0.302884
0.302884
0.302884
0.302884
0.302884
0.302884
0.302884
0.302884
0.302884
0.302884
0.302884
0.302884
0.302884
0.302884
0.302884
0.302884
0.302884
0.302884
0.302884
0.302884
0.302884
0.302884
0.302884
0.302884
0.302884
0.302884
0.302884
0.302884
0.302884
0.302884
0.302884
0.302884
0.302884
0.302884
0.302884
0.302884
0.302884
0.302884
0.302884
0.302884
0.302884
0.302884
0.302884
0.302884
0.302884
0.302884
0.302884
0.302884
0.302884
0.302884
0.302884
0.302884
0.302884
0.302884
0.302884
0.302884
0.302884
0.302884
0.302884
0.302884
0.302884
0.302885
0.302885
0.302884
0.302885
0.302885
0.302884
0.302884
0.302884
0.302884
0.302884
0.302884
0.302884
0.302884
0.302884
0.302885
0.302885
0.302884
0.302884
0.302884
0.302884
0.302884
0.302884
0.302885
0.302885
0.302884
0.302885
0.302885
0.302886
0.302886
0.302884
0.302884
0.302884
0.302884
0.302884
0.302885
0.302885
0.302885
0.302885
0.302885
0.302885
0.302885
0.302885
0.302885
0.302885
0.302885
0.302885
0.302882
0.302882
0.302887
0.302889
0.302889
0.302886
0.302886
0.302878
0.302880
0.302880
0.302882
0.302885
0.302885
0.302896
0.302884
0.302884
0.302883
0.302884
0.302887
0.302886
0.302885
0.302885
0.302884
0.302884
0.302884
0.302884
0.302884
0.302884
0.302884
0.302884
0.302885
0.302885
0.302887
0.302883
0.302884
0.302884
0.302884
0.302885
0.302889
0.302884
0.302883
0.302883
0.302883
0.302889
0.302883
0.302883
0.302883
0.302887
0.302886
0.302883
0.302884
0.302883
0.302883
0.302884
0.302885
0.302886
0.302887
0.302886
0.302886
0.302885
0.302884
0.302883
0.302881
0.302882
0.302894
0.302882
0.302882
0.302883
0.302883
0.302888
0.302887
0.302886
0.302885
0.302884
0.302878
0.302879
0.302881
0.302883
0.302886
0.302888
0.302888
0.302888
0.302887
0.302886
0.302885
0.302883
0.302882
0.302881
0.302882
0.302889
0.302888
0.302878
0.302884
0.302884
0.302886
0.302886
0.302883
0.302884
0.302884
0.302884
0.302884
0.302884
0.302884
0.302884
0.302885
0.302885
0.302885
0.302884
0.302883
0.302883
0.302885
0.302885
0.302885
0.302885
0.302883
0.302881
0.302883
0.302890
0.302888
0.302867
0.302873
0.302917
0.302878
0.302877
0.302886
0.302885
0.302884
0.302880
0.302881
0.302889
0.302887
0.302878
0.302880
0.302888
0.302885
0.302881
0.302883
0.302889
0.302888
0.302881
0.302879
0.302880
0.302882
0.302895
0.302892
0.302866
0.302894
0.302891
0.302862
0.302870
0.302917
0.302907
0.302861
0.302864
0.302895
0.302892
0.302870
0.302884
0.302885
0.302886
0.302885
0.302884
0.302884
0.302883
0.302882
0.302882
0.302883
0.302886
0.302886
0.302884
0.302883
0.302883
0.302882
0.302882
0.302882
0.302883
0.302885
0.302885
0.302882
0.302883
0.302883
0.302882
0.302883
0.302887
0.302886
0.302881
0.302881
0.302884
0.302883
0.302883
0.302883
0.302884
0.302884
0.302883
0.302883
0.302882
0.302883
0.302884
0.302883
0.302883
0.302883
0.302883
0.302883
0.302883
0.302883
0.302883
0.302883
0.302883
0.302883
0.302884
0.302883
0.302882
0.302882
0.302884
0.302884
0.302883
0.302883
0.302882
0.302882
0.302883
0.302883
0.302884
0.302883
0.302885
0.302884
0.302881
0.302880
0.302884
0.302884
0.302883
0.302883
0.302879
0.302880
0.302887
0.302887
0.302881
0.302880
0.302879
0.302881
0.302889
0.302887
0.302875
0.302882
0.302883
0.302885
0.302885
0.302881
0.302882
0.302884
0.302883
0.302882
0.302881
0.302879
0.302880
0.302889
0.302888
0.302886
0.302870
0.302872
0.302893
0.302892
0.302874
0.302876
0.302884
0.302884
0.302884
0.302884
0.302881
0.302881
0.302881
0.302882
0.302883
0.302884
0.302884
0.302883
0.302882
0.302882
0.302877
0.302878
0.302887
0.302887
0.302883
0.302882
0.302878
0.302879
0.302886
0.302885
0.302880
0.302881
0.302883
0.302882
0.302879
0.302880
0.302884
0.302884
0.302880
0.302883
0.302882
0.302879
0.302880
0.302888
0.302886
0.302878
0.302879
0.302882
0.302881
0.302880
0.302880
0.302880
0.302881
0.302887
0.302885
0.302878
0.302878
0.302888
0.302886
0.302884
0.302870
0.302873
0.302900
0.302877
0.302878
0.302880
0.302880
0.302882
0.302883
0.302881
0.302881
0.302881
0.302882
0.302882
0.302882
0.302882
0.302877
0.302878
0.302882
0.302882
0.302883
0.302883
0.302880
0.302880
0.302880
0.302881
0.302881
0.302882
0.302885
0.302885
0.302877
0.302882
0.302882
0.302879
0.302880
0.302881
0.302882
0.302883
0.302883
0.302883
0.302883
0.302875
0.302876
0.302887
0.302884
0.302883
0.302882
0.302881
0.302880
0.302879
0.302880
0.302880
0.302882
0.302882
0.302882
0.302881
0.302880
0.302880
0.302881
0.302881
0.302884
0.302884
0.302872
0.302874
0.302884
0.302885
0.302886
0.302885
0.302880
0.302879
0.302878
0.302879
0.302883
0.302883
0.302882
0.302882
0.302879
0.302879
0.302882
0.302881
0.302881
0.302881
0.302877
0.302878
0.302887
0.302887
0.302876
0.302876
0.302885
0.302882
0.302882
0.302880
0.302880
0.302879
0.302879
0.302883
0.302882
0.302882
0.302881
0.302880
0.302879
0.302879
0.302881
0.302880
0.302881
0.302881
0.302881
0.302881
0.302880
0.302879
0.302879
0.302880
0.302880
0.302885
0.302883
0.302883
0.302874
0.302878
0.302879
0.302887
0.302886
0.302869
0.302872
0.302897
0.302893
0.302860
0.302864
0.302902
0.302898
0.302861
0.302865
0.302894
0.302892
0.302876
0.302877
0.302880
0.302880
0.302880
0.302881
0.302882
0.302881
0.302879
0.302879
0.302883
0.302882
0.302879
0.302879
0.302882
0.302882
0.302880
0.302880
0.302881
0.302880
0.302879
0.302879
0.302881
0.302881
0.302881
0.302880
0.302880
0.302878
0.302878
0.302890
0.302886
0.302882
0.302863
0.302868
0.302898
0.302894
0.302869
0.302871
0.302890
0.302887
0.302871
0.302873
0.302886
0.302885
0.302880
0.302880
0.302880
0.302880
0.302880
0.302880
0.302881
0.302881
0.302880
0.302880
0.302880
0.302880
0.302881
0.302881
0.302880
0.302880
0.302881
0.302881
0.302881
0.302881
0.302881
0.302880
0.302880
0.302880
0.302881
0.302881
0.302881
0.302881
0.302881
0.302880
0.302876
0.302877
0.302891
0.302888
0.302868
0.302870
0.302890
0.302889
0.302879
0.302878
0.302876
0.302877
0.302882
0.302882
0.302880
0.302880
0.302881
0.302881
0.302882
0.302881
0.302880
0.302879
0.302880
0.302880
0.302883
0.302882
0.302873
0.302875
0.302888
0.302887
0.302880
0.302880
0.302878
0.302878
0.302884
0.302883
0.302877
0.302877
0.302883
0.302883
0.302879
0.302879
0.302880
0.302881
0.302881
0.302881
0.302881
0.302878
0.302878
0.302884
0.302884
0.302880
0.302879
0.302876
0.302878
0.302886
0.302884
0.302877
0.302878
0.302883
0.302882
0.302881
0.302880
0.302879
0.302880
0.302881
0.302881
0.302883
0.302882
0.302881
0.302877
0.302878
0.302885
0.302884
0.302874
0.302876
0.302890
0.302887
0.302869
0.302873
0.302892
0.302888
0.302870
0.302874
0.302888
0.302886
0.302874
0.302877
0.302879
0.302882
0.302886
0.302885
0.302883
0.302872
0.302878
0.302882
0.302888
0.302886
0.302882
0.302880
0.302867
0.302872
0.302895
0.302893
0.302872
0.302873
0.302876
0.302880
0.302897
0.302892
0.302860
0.302879
0.302880
0.302890
0.302888
0.302879
0.302878
0.302878
0.302878
0.302879
0.302880
0.302886
0.302884
0.302883
0.302878
0.302878
0.302879
0.302880
0.302881
0.302881
0.302881
0.302882
0.302881
0.302884
0.302883
0.302870
0.302874
0.302898
0.302894
0.302867
0.302870
0.302888
0.302886
0.302876
0.302881
0.302881
0.302881
0.302881
0.302882
0.302882
0.302881
0.302881
0.302879
0.302880
0.302881
0.302886
0.302884
0.302870
0.302882
0.302883
0.302884
0.302884
0.302883
0.302882
0.302881
0.302880
0.302879
0.302879
0.302885
0.302884
0.302882
0.302881
0.302878
0.302878
0.302879
0.302884
0.302883
0.302881
0.302878
0.302879
0.302885
0.302884
0.302882
0.302881
0.302879
0.302879
0.302881
0.302881
0.302881
0.302882
0.302883
0.302882
0.302882
0.302881
0.302880
0.302881
0.302881
0.302881
0.302881
0.302881
0.302884
0.302884
0.302882
0.302881
0.302874
0.302876
0.302898
0.302874
0.302875
0.302892
0.302889
0.302885
0.302867
0.302870
0.302893
0.302891
0.302871
0.302874
0.302891
0.302889
0.302876
0.302877
0.302879
0.302885
0.302884
0.302880
0.302880
0.302884
0.302884
0.302879
0.302878
0.302884
0.302884
0.302882
0.302880
0.302880
0.302881
0.302883
0.302883
0.302882
0.302879
0.302880
0.302882
0.302883
0.302884
0.302883
0.302874
0.302878
0.302897
0.302891
0.302868
0.302871
0.302893
0.302890
0.302885
0.302861
0.302869
0.302906
0.302900
0.302869
0.302870
0.302883
0.302883
0.302883
0.302880
0.302882
0.302887
0.302884
0.302876
0.302879
0.302889
0.302886
0.302883
0.302874
0.302876
0.302879
0.302893
0.302888
0.302872
0.302876
0.302893
0.302889
0.302872
0.302874
0.302885
0.302885
0.302880
0.302882
0.302884
0.302883
0.302881
0.302885
0.302884
0.302883
0.302882
0.302881
0.302880
0.302880
0.302880
0.302881
0.302886
0.302885
0.302878
0.302885
0.302883
0.302877
0.302887
0.302885
0.302883
0.302878
0.302878
0.302880
0.302883
0.302882
0.302884
0.302885
0.302879
0.302880
0.302886
0.302882
0.302882
0.302882
0.302882
0.302882
0.302882
0.302882
0.302881
0.302881
0.302883
0.302884
0.302881
0.302881
0.302883
0.302887
0.302885
0.302882
0.302880
0.302880
0.302880
0.302882
0.302881
0.302881
0.302881
0.302882
0.302886
0.302885
0.302878
0.302879
0.302886
0.302885
0.302880
0.302883
0.302883
0.302882
0.302878
0.302879
0.302896
0.302869
0.302872
0.302906
0.302881
0.302881
0.302881
0.302881
0.302880
0.302880
0.302880
0.302881
0.302888
0.302887
0.302873
0.302876
0.302897
0.302893
0.302873
0.302874
0.302885
0.302884
0.302883
0.302880
0.302881
0.302884
0.302883
0.302881
0.302882
0.302883
0.302884
0.302883
0.302882
0.302881
0.302881
0.302883
0.302883
0.302883
0.302884
0.302883
0.302876
0.302887
0.302887
0.302877
0.302877
0.302885
0.302885
0.302883
0.302881
0.302879
0.302880
0.302887
0.302886
0.302885
0.302881
0.302881
0.302880
0.302880
0.302880
0.302881
0.302889
0.302887
0.302873
0.302884
0.302884
0.302878
0.302880
0.302892
0.302889
0.302867
0.302883
0.302884
0.302884
0.302883
0.302884
0.302883
0.302883
0.302882
0.302882
0.302881
0.302881
0.302881
0.302887
0.302886
0.302876
0.302882
0.302882
0.302887
0.302886
0.302877
0.302878
0.302880
0.302895
0.302891
0.302867
0.302882
0.302883
0.302885
0.302885
0.302884
0.302874
0.302877
0.302901
0.302882
0.302880
0.302875
0.302878
0.302882
0.302884
0.302894
0.302890
0.302850
0.302863
0.302941
0.302875
0.302874
0.302875
0.302886
0.302886
0.302884
0.302883
0.302881
0.302877
0.302879
0.302881
0.302882
0.302883
0.302885
0.302885
0.302885
0.302884
0.302883
0.302882
0.302881
0.302880
0.302882
0.302882
0.302884
0.302883
0.302882
0.302881
0.302880
0.302881
0.302892
0.302872
0.302890
0.302887
0.302884
0.302881
0.302880
0.302879
0.302880
0.302880
0.302881
0.302882
0.302883
0.302883
0.302883
0.302883
0.302883
0.302883
0.302883
0.302883
0.302882
0.302882
0.302882
0.302882
0.302882
0.302882
0.302882
0.302882
0.302882
0.302882
0.302882
0.302882
0.302882
0.302882
0.302882
0.302882
0.302882
0.302882
0.302882
0.302882
0.302882
0.302882
0.302883
0.302883
0.302882
0.302882
0.302882
0.302882
0.302882
0.302882
0.302882
0.302882
0.302882
0.302882
0.302882
0.302882
0.302882
0.302882
0.302882
0.302882
0.302882
0.302882
0.302882
0.302882
0.302882
0.302882
0.302882
0.302882
0.302882
0.302882
0.302882
0.302882
0.302882
0.302882
0.302882
0.302882
0.302882
0.302882
0.302882
0.302882
0.302882
0.302882
0.302882
0.302882
0.302882
0.302882
0.302882
0.302882
0.302882
0.302882
0.302882
0.302882
0.302882
0.302882
0.302882
0.302882
0.302882
0.302882
0.302882
0.302882
0.302882
0.302882
0.302882
0.302882
0.302882
0.302882
0.302882
0.302882
0.302882
0.302882
0.302882
0.302882
0.302882
0.302882
0.302882
0.302882
0.302882
0.302882
0.302882
0.302882
0.302882
0.302882
0.302882
0.302882
0.302882
0.302882
0.302882
0.302882
0.302882
0.302882
0.302882
0.302882
0.302882
0.302882
0.302882
0.302880
0.302882
0.302882
0.302882
0.302883
0.302883
0.302883
0.302883
0.302883
0.302882
0.302882
0.302882
0.302882
0.302882
0.302881
0.302881
0.302883
0.302883
0.302883
0.302881
0.302881
0.302880
0.302880
0.302887
0.302887
0.302872
0.302872
0.302901
0.302901
0.302852
0.302887
0.302886
0.302875
0.302875
0.302891
0.302881
0.302882
0.302882
0.302883
0.302883
0.302882
0.302882
0.302878
0.302878
0.302881
0.302881
0.302886
0.302886
0.302881
0.302881
0.302881
0.302881
0.302882
0.302882
0.302882
0.302883
0.302882
0.302882
0.302882
0.302882
0.302882
0.302882
0.302881
0.302881
0.302882
0.302882
0.302884
0.302882
0.302882
0.302882
0.302882
0.302881
0.302881
0.302881
0.302881
0.302881
0.302886
0.302886
0.302872
0.302872
0.302896
0.302884
0.302884
0.302881
0.302881
0.302879
0.302881
0.302881
0.302882
0.302882
0.302884
0.302884
0.302883
0.302882
0.302882
0.302881
0.302881
0.302881
0.302881
0.302881
0.302882
0.302882
0.302882
0.302882
0.302881
0.302881
0.302881
0.302882
0.302882
0.302882
0.302882
0.302882
0.302882
0.302882
0.302881
0.302881
0.302881
0.302881
0.302881
0.302881
0.302882
0.302882
0.302882
0.302882
0.302882
0.302881
0.302881
0.302881
0.302882
0.302882
0.302882
0.302882
0.302882
0.302882
0.302882
0.302882
0.302882
0.302882
0.302882
0.302882
0.302882
0.302882
0.302882
0.302882
0.302882
0.302882
0.302882
0.302882
0.302882
0.302882
0.302883
0.302881
0.302881
0.302880
0.302880
0.302883
0.302883
0.302883
0.302880
0.302880
0.302880
0.302880
0.302887
0.302887
0.302873
0.302883
0.302883
0.302885
0.302885
0.302876
0.302879
0.302879
0.302881
0.302882
0.302882
0.302882
0.302882
0.302882
0.302882
0.302880
0.302880
0.302887
0.302887
0.302868
0.302885
0.302885
0.302882
0.302879
0.302879
0.302880
0.302880
0.302888
0.302888
0.302873
0.302873
0.302889
0.302883
0.302883
0.302883
0.302883
0.302880
0.302880
0.302881
0.302881
0.302882
0.302882
0.302882
0.302882
0.302881
0.302881
0.302878
0.302878
0.302891
0.302878
0.302878
0.302886
0.302886
0.302876
0.302876
0.302892
0.302878
0.302880
0.302880
0.302886
0.302886
0.302875
0.302875
0.302890
0.302890
0.302872
0.302881
0.302881
0.302883
0.302882
0.302882
0.302881
0.302881
0.302880
0.302881
0.302881
0.302883
0.302883
0.302881
0.302881
0.302880
0.302882
0.302882
0.302879
0.302879
0.302885
0.302881
0.302881
0.302883
0.302882
0.302882
0.302882
0.302881
0.302881
0.302881
0.302881
0.302881
0.302881
0.302881
0.302881
0.302881
0.302881
0.302881
0.302883
0.302883
0.302881
0.302881
0.302879
0.302883
0.302883
0.302881
0.302881
0.302881
0.302880
0.302880
0.302883
0.302881
0.302881
0.302882
0.302882
0.302883
0.302882
0.302882
0.302881
0.302881
0.302880
0.302880
0.302881
0.302881
0.302886
0.302886
0.302873
0.302881
0.302881
0.302882
0.302882
0.302884
0.302884
0.302880
0.302880
0.302880
0.302880
0.302881
0.302883
0.302883
0.302882
0.302882
0.302881
0.302881
0.302881
0.302881
0.302881
0.302881
0.302881
0.302881
0.302881
0.302881
0.302882
0.302882
0.302882
0.302882
0.302882
0.302882
0.302881
0.302881
0.302881
0.302881
0.302881
0.302881
0.302882
0.302882
0.302882
0.302882
0.302881
0.302880
