-30.267538
-26.971893
-0.821612
-0.234437
-0.246176
-0.250915
-0.250511
-0.248979
-0.247716
-0.246665
-0.245847
-0.245307
-0.244896
-0.244589
-0.244366
-0.244144
-0.243942
-0.243610
-0.243343
-0.243081
-0.242821
-0.242572
-0.242356
-0.242136
-0.241954
-0.241744
-0.241574
-0.241433
-0.241300
-0.241163
-0.241024
-0.240883
-0.240738
-0.240594
-0.240451
-0.240315
-0.240183
-0.240056
-0.239926
-0.239800
-0.239701
-0.239610
-0.239511
-0.239442
-0.239373
-0.239295
-0.239241
-0.239202
-0.239147
-0.239089
-0.239036
-0.238978
-0.238919
-0.238845
-0.238757
-0.238664
-0.238557
-0.238444
-0.238323
-0.238198
-0.238073
-0.237943
-0.237816
-0.237682
-0.237537
-0.237388
-0.237239
-0.237087
-0.236933
-0.236772
-0.236642
-0.236474
-0.236328
-0.236178
-0.236022
-0.235866
-0.235709
-0.235549
-0.235388
-0.235224
-0.235059
-0.234891
-0.234720
-0.234545
-0.234367
-0.234188
-0.234006
-0.233820
-0.233631
-0.233439
-0.233244
-0.233044
-0.232839
-0.232631
-0.232417
-0.232198
-0.231975
-0.231748
-0.231514
-0.231276
-0.231032
-0.230784
-0.230531
-0.230274
-0.230011
-0.229743
-0.229470
-0.229192
-0.228908
-0.228620
-0.228325
-0.228026
-0.227721
-0.227410
-0.227092
-0.226768
-0.226438
-0.226102
-0.225761
-0.225413
-0.225062
-0.224705
-0.224344
-0.223978
-0.223608
-0.223234
-0.222855
-0.222473
-0.222087
-0.221698
-0.221304
-0.220908
-0.220508
-0.220105
-0.219698
-0.219288
-0.218876
-0.218460
-0.218041
-0.217620
-0.217196
-0.216768
-0.216339
-0.215908
-0.215475
-0.215039
-0.214602
-0.214164
-0.213723
-0.213282
-0.212838
-0.212394
-0.211950
-0.211504
-0.211059
-0.210614
-0.210170
-0.209726
-0.209283
-0.208840
-0.208399
-0.207958
-0.207518
-0.207078
-0.206639
-0.206200
-0.205765
-0.205332
-0.204901
-0.204472
-0.204044
-0.203615
-0.203188
-0.202762
-0.202337
-0.201914
-0.201492
-0.201071
-0.200651
-0.200233
-0.199816
-0.199401
-0.198989
-0.198575
-0.198165
-0.197756
-0.197348
-0.196941
-0.196538
-0.196135
-0.195734
-0.195335
-0.194937
-0.194541
-0.194146
-0.193753
-0.193362
-0.192973
-0.192585
-0.192200
-0.191817
-0.191437
-0.191059
-0.190684
-0.190311
-0.189940
-0.189572
-0.189207
-0.188844
-0.188485
-0.188128
-0.187774
-0.187424
-0.187076
-0.186732
-0.186391
-0.186053
-0.185718
-0.185387
-0.185058
-0.184732
-0.184410
-0.184091
-0.183776
-0.183463
-0.183154
-0.182847
-0.182544
-0.182244
-0.181947
-0.181654
-0.181363
-0.181075
-0.180791
-0.180509
-0.180229
-0.179952
-0.179678
-0.179405
-0.179136
-0.178868
-0.178603
-0.178340
-0.178079
-0.177820
-0.177562
-0.177307
-0.177053
-0.176800
-0.176548
-0.176298
-0.176049
-0.175801
-0.175554
-0.175307
-0.175061
-0.174816
-0.174572
-0.174328
-0.174085
-0.173842
-0.173600
-0.173359
-0.173118
-0.172879
-0.172636
-0.172401
-0.172164
-0.171928
-0.171693
-0.171459
-0.171225
-0.170993
-0.170762
-0.170532
-0.170303
-0.170075
-0.169848
-0.169621
-0.169395
-0.169171
-0.168947
-0.168724
-0.168501
-0.168278
-0.168056
-0.167835
-0.167613
-0.167392
-0.167171
-0.166950
-0.166730
-0.166510
-0.166291
-0.166072
-0.165853
-0.165635
-0.165417
-0.165199
-0.164982
-0.164765
-0.164547
-0.164331
-0.164114
-0.163898
-0.163682
-0.163466
-0.163251
-0.163036
-0.162820
-0.162606
-0.162391
-0.162176
-0.161962
-0.161748
-0.161534
-0.161320
-0.161107
-0.160894
-0.160682
-0.160469
-0.160257
-0.160044
-0.159831
-0.159618
-0.159405
-0.159193
-0.158980
-0.158767
-0.158548
-0.158348
-0.158121
-0.157922
-0.157695
-0.157495
-0.157269
-0.157062
-0.156848
-0.156635
-0.156421
-0.156203
-0.155997
-0.155782
-0.155569
-0.155356
-0.155143
-0.154929
-0.154715
-0.154502
-0.154288
-0.154075
-0.153861
-0.153647
-0.153433
-0.153219
-0.153006
-0.152792
-0.152578
-0.152365
-0.152151
-0.151938
-0.151724
-0.151511
-0.151297
-0.151084
-0.150870
-0.150657
-0.150443
-0.150230
-0.150016
-0.149803
-0.149590
-0.149377
-0.149164
-0.148952
-0.148739
-0.148527
-0.148316
-0.148104
-0.147893
-0.147683
-0.147472
-0.147263
-0.147053
-0.146844
-0.146636
-0.146428
-0.146221
-0.146014
-0.145808
-0.145602
-0.145397
-0.145193
-0.144989
-0.144786
-0.144583
-0.144382
-0.144181
-0.143980
-0.143781
-0.143582
-0.143384
-0.143187
-0.142991
-0.142796
-0.142601
-0.142408
-0.142215
-0.142024
-0.141833
-0.141643
-0.141455
-0.141267
-0.141081
-0.140896
-0.140713
-0.140530
-0.140349
-0.140169
-0.139990
-0.139813
-0.139637
-0.139462
-0.139289
-0.139118
-0.138948
-0.138779
-0.138613
-0.138447
-0.138284
-0.138122
-0.137962
-0.137804
-0.137647
-0.137492
-0.137339
-0.137188
-0.137039
-0.136891
-0.136746
-0.136602
-0.136460
-0.136321
-0.136183
-0.136048
-0.135914
-0.135783
-0.135654
-0.135526
-0.135401
-0.135278
-0.135157
-0.135039
-0.134922
-0.134808
-0.134696
-0.134587
-0.134480
-0.134375
-0.134270
-0.134171
-0.134073
-0.133977
-0.133883
-0.133792
-0.133704
-0.133617
-0.133533
-0.133451
-0.133372
-0.133295
-0.133220
-0.133148
-0.133079
-0.133011
-0.132947
-0.132884
-0.132825
-0.132767
-0.132712
-0.132659
-0.132609
-0.132562
-0.132517
-0.132474
-0.132434
-0.132396
-0.132361
-0.132328
-0.132297
-0.132269
-0.132243
-0.132220
-0.132199
-0.132181
-0.132165
-0.132151
-0.132140
-0.132132
-0.132125
-0.132121
-0.132119
-0.132120
-0.132123
-0.132128
-0.132136
-0.132145
-0.132158
-0.132172
-0.132189
-0.132207
-0.132229
-0.132252
-0.132278
-0.132305
-0.132336
-0.132368
-0.132402
-0.132439
-0.132477
-0.132518
-0.132561
-0.132606
-0.132654
-0.132702
-0.132754
-0.132807
-0.132861
-0.132919
-0.132978
-0.133039
-0.133102
-0.133167
-0.133234
-0.133303
-0.133374
-0.133446
-0.133521
-0.133597
-0.133676
-0.133756
-0.133837
-0.133921
-0.134006
-0.134093
-0.134182
-0.134273
-0.134365
-0.134459
-0.134554
-0.134651
-0.134750
-0.134850
-0.134952
-0.135055
-0.135160
-0.135266
-0.135373
-0.135483
-0.135593
-0.135705
-0.135818
-0.135933
-0.136048
-0.136166
-0.136284
-0.136405
-0.136526
-0.136649
-0.136772
-0.136898
-0.137024
-0.137151
-0.137280
-0.137411
-0.137541
-0.137673
-0.137807
-0.137942
-0.138077
-0.138214
-0.138351
-0.138490
-0.138630
-0.138771
-0.138912
-0.139055
-0.139198
-0.139343
-0.139488
-0.139635
-0.139782
-0.139930
-0.140079
-0.140228
-0.140378
-0.140530
-0.140681
-0.140834
-0.140987
-0.141141
-0.141296
-0.141451
-0.141607
-0.141764
-0.141921
-0.142079
-0.142237
-0.142396
-0.142555
-0.142715
-0.142876
-0.143037
-0.143198
-0.143360
-0.143522
-0.143684
-0.143847
-0.144010
-0.144173
-0.144337
-0.144500
-0.144664
-0.144828
-0.144992
-0.145156
-0.145321
-0.145485
-0.145650
-0.145814
-0.145979
-0.146144
-0.146308
-0.146473
-0.146637
-0.146802
-0.146966
-0.147130
-0.147294
-0.147459
-0.147622
-0.147786
-0.147949
-0.148112
-0.148274
-0.148437
-0.148600
-0.148761
-0.148924
-0.149085
-0.149246
-0.149406
-0.149567
-0.149727
-0.149887
-0.150046
-0.150205
-0.150363
-0.150520
-0.150677
-0.150834
-0.150990
-0.151145
-0.151300
-0.151454
-0.151607
-0.151760
-0.151912
-0.152064
-0.152215
-0.152364
-0.152513
-0.152662
-0.152809
-0.152956
-0.153102
-0.153247
-0.153391
-0.153534
-0.153676
-0.153818
-0.153958
-0.154097
-0.154235
-0.154373
-0.154508
-0.154644
-0.154777
-0.154910
-0.155042
-0.155172
-0.155302
-0.155430
-0.155556
-0.155682
-0.155806
-0.155929
-0.156050
-0.156171
-0.156289
-0.156407
-0.156523
-0.156637
-0.156750
-0.156847
-0.156982
-0.157073
-0.157197
-0.157285
-0.157407
-0.157492
-0.157610
-0.157692
-0.157807
-0.157887
-0.157982
-0.158080
-0.158174
-0.158264
-0.158351
-0.158437
-0.158521
-0.158604
-0.158684
-0.158764
-0.158841
-0.158916
-0.158990
-0.159062
-0.159132
-0.159200
-0.159267
-0.159332
-0.159394
-0.159455
-0.159514
-0.159572
-0.159627
-0.159680
-0.159732
-0.159782
-0.159829
-0.159875
-0.159919
-0.159961
-0.160001
-0.160039
-0.160076
-0.160109
-0.160142
-0.160172
-0.160201
-0.160227
-0.160252
-0.160275
-0.160296
-0.160315
-0.160332
-0.160348
-0.160362
-0.160373
-0.160384
-0.160391
-0.160398
-0.160403
-0.160406
-0.160407
-0.160406
-0.160404
-0.160400
-0.160395
-0.160388
-0.160379
-0.160368
-0.160356
-0.160342
-0.160327
-0.160310
-0.160292
-0.160272
-0.160250
-0.160227
-0.160203
-0.160177
-0.160149
-0.160120
-0.160090
-0.160058
-0.160025
-0.159990
-0.159954
-0.159917
-0.159877
-0.159836
-0.159795
-0.159752
-0.159708
-0.159662
-0.159615
-0.159567
-0.159518
-0.159467
-0.159415
-0.159362
-0.159308
-0.159252
-0.159197
-0.159137
-0.159078
-0.159020
-0.158956
-0.158896
-0.158830
-0.158767
-0.158699
-0.158634
-0.158564
-0.158497
-0.158426
-0.158353
-0.158283
-0.158208
-0.158134
-0.158058
-0.157982
-0.157904
-0.157826
-0.157747
-0.157666
-0.157585
-0.157503
-0.157420
-0.157336
-0.157251
-0.157165
-0.157078
-0.156991
-0.156903
-0.156813
-0.156723
-0.156633
-0.156541
-0.156448
-0.156355
-0.156261
-0.156166
-0.156071
-0.155975
-0.155878
-0.155780
-0.155682
-0.155583
-0.155484
-0.155383
-0.155283
-0.155181
-0.155079
-0.154976
-0.154873
-0.154769
-0.154665
-0.154560
-0.154455
-0.154349
-0.154242
-0.154135
-0.154028
-0.153920
-0.153812
-0.153703
-0.153594
-0.153484
-0.153374
-0.153263
-0.153153
-0.153040
-0.152929
-0.152817
-0.152705
-0.152592
-0.152479
-0.152365
-0.152251
-0.152137
-0.152022
-0.151908
-0.151792
-0.151677
-0.151561
-0.151445
-0.151328
-0.151211
-0.151095
-0.150977
-0.150860
-0.150742
-0.150624
-0.150505
-0.150387
-0.150268
-0.150149
-0.150030
-0.149910
-0.149790
-0.149670
-0.149550
-0.149430
-0.149309
-0.149188
-0.149067
-0.148946
-0.148825
-0.148703
-0.148582
-0.148460
-0.148338
-0.148215
-0.148093
-0.147971
-0.147848
-0.147725
-0.147603
-0.147480
-0.147357
-0.147234
-0.147111
-0.146987
-0.146864
-0.146741
-0.146618
-0.146494
-0.146371
-0.146248
-0.146124
-0.146001
-0.145877
-0.145754
-0.145631
-0.145507
-0.145384
-0.145261
-0.145138
-0.145015
-0.144892
-0.144769
-0.144646
-0.144524
-0.144401
-0.144279
-0.144156
-0.144034
-0.143912
-0.143794
-0.143674
-0.143552
-0.143431
-0.143309
-0.143189
-0.143063
-0.142946
-0.142823
-0.142702
-0.142582
-0.142462
-0.142343
-0.142224
-0.142105
-0.141987
-0.141869
-0.141751
-0.141633
-0.141516
-0.141399
-0.141282
-0.141166
-0.141050
-0.140935
-0.140820
-0.140705
-0.140591
-0.140477
-0.140363
-0.140250
-0.140138
-0.140025
-0.139914
-0.139802
-0.139692
-0.139581
-0.139471
-0.139362
-0.139253
-0.139145
-0.139037
-0.138929
-0.138822
-0.138716
-0.138610
-0.138504
-0.138399
-0.138295
-0.138191
-0.138088
-0.137985
-0.137883
-0.137781
-0.137680
-0.137580
-0.137480
-0.137381
-0.137282
-0.137184
-0.137087
-0.136990
-0.136894
-0.136798
-0.136703
-0.136609
-0.136516
-0.136423
-0.136331
-0.136239
-0.136148
-0.136058
-0.135969
-0.135880
-0.135792
-0.135704
-0.135618
-0.135531
-0.135446
-0.135362
-0.135277
-0.135195
-0.135112
-0.135031
-0.134949
-0.134869
-0.134789
-0.134710
-0.134632
-0.134555
-0.134478
-0.134402
-0.134327
-0.134252
-0.134179
-0.134106
-0.134033
-0.133968
-0.133898
-0.133828
-0.133759
-0.133691
-0.133623
-0.133556
-0.133490
-0.133425
-0.133360
-0.133296
-0.133233
-0.133170
-0.133109
-0.133048
-0.132987
-0.132928
-0.132869
-0.132811
-0.132754
-0.132697
-0.132641
-0.132586
-0.132531
-0.132477
-0.132424
-0.132372
-0.132320
-0.132269
-0.132218
-0.132169
-0.132120
-0.132071
-0.132024
-0.131977
-0.131931
-0.131885
-0.131840
-0.131796
-0.131753
-0.131710
-0.131668
-0.131626
-0.131585
-0.131545
-0.131506
-0.131467
-0.131429
-0.131391
-0.131354
-0.131318
-0.131282
-0.131247
-0.131212
-0.131178
-0.131145
-0.131113
-0.131078
-0.131048
-0.131019
-0.130989
-0.130959
-0.130930
-0.130901
-0.130874
-0.130846
-0.130822
-0.130796
-0.130770
-0.130745
-0.130721
-0.130697
-0.130674
-0.130650
-0.130629
-0.130606
-0.130586
-0.130565
-0.130546
-0.130525
-0.130507
-0.130487
-0.130470
-0.130451
-0.130431
-0.130416
-0.130402
-0.130387
-0.130372
-0.130357
-0.130342
-0.130328
-0.130315
-0.130302
-0.130290
-0.130278
-0.130267
-0.130256
-0.130245
-0.130235
-0.130225
-0.130216
-0.130207
-0.130199
-0.130190
-0.130183
-0.130176
-0.130169
-0.130163
-0.130157
-0.130152
-0.130146
-0.130142
-0.130137
-0.130134
-0.130130
-0.130127
-0.130124
-0.130122
-0.130120
-0.130118
-0.130117
-0.130116
-0.130115
-0.130115
-0.130116
-0.130116
-0.130117
-0.130119
-0.130120
-0.130122
-0.130125
-0.130128
-0.130131
-0.130134
-0.130138
-0.130143
-0.130147
-0.130152
-0.130158
-0.130163
-0.130169
-0.130175
-0.130182
-0.130189
-0.130196
-0.130204
-0.130212
-0.130220
-0.130229
-0.130238
-0.130247
-0.130257
-0.130267
-0.130277
-0.130288
-0.130298
-0.130311
-0.130322
-0.130334
-0.130346
-0.130359
-0.130372
-0.130385
-0.130399
-0.130413
-0.130427
-0.130441
-0.130456
-0.130471
-0.130487
-0.130503
-0.130519
-0.130535
-0.130552
-0.130569
-0.130586
-0.130604
-0.130622
-0.130640
-0.130659
-0.130678
-0.130697
-0.130716
-0.130736
-0.130756
-0.130777
-0.130798
-0.130819
-0.130840
-0.130862
-0.130884
-0.130906
-0.130929
-0.130952
-0.130975
-0.130999
-0.131023
-0.131047
-0.131072
-0.131097
-0.131122
-0.131147
-0.131173
-0.131199
-0.131225
-0.131252
-0.131279
-0.131306
-0.131334
-0.131362
-0.131391
-0.131419
-0.131448
-0.131477
-0.131507
-0.131536
-0.131567
-0.131597
-0.131628
-0.131659
-0.131690
-0.131722
-0.131754
-0.131786
-0.131819
-0.131852
-0.131885
-0.131918
-0.131952
-0.131986
-0.132021
-0.132056
-0.132091
-0.132126
-0.132162
-0.132198
-0.132234
-0.132271
-0.132308
-0.132345
-0.132382
-0.132420
-0.132458
-0.132497
-0.132535
-0.132574
-0.132614
-0.132653
-0.132693
-0.132734
-0.132774
-0.132815
-0.132856
-0.132898
-0.132940
-0.132982
-0.133024
-0.133067
-0.133110
-0.133153
-0.133197
-0.133241
-0.133285
-0.133329
-0.133375
-0.133420
-0.133465
-0.133511
-0.133557
-0.133603
-0.133650
-0.133697
-0.133744
-0.133792
-0.133839
-0.133888
-0.133936
-0.133985
-0.134034
-0.134083
-0.134133
-0.134183
-0.134233
-0.134283
-0.134334
-0.134385
-0.134436
-0.134488
-0.134540
-0.134592
-0.134645
-0.134698
-0.134751
-0.134804
-0.134858
-0.134912
-0.134966
-0.135021
-0.135076
-0.135131
-0.135186
-0.135242
-0.135298
-0.135354
-0.135411
-0.135467
-0.135525
-0.135582
-0.135640
-0.135698
-0.135756
-0.135814
-0.135873
-0.135932
-0.135992
-0.136051
-0.136111
-0.136171
-0.136232
-0.136293
-0.136354
-0.136415
-0.136476
-0.136538
-0.136600
-0.136663
-0.136725
-0.136788
-0.136851
-0.136915
-0.136978
-0.137042
-0.137107
-0.137171
-0.137236
-0.137301
-0.137366
-0.137431
-0.137497
-0.137563
-0.137629
-0.137696
-0.137763
-0.137830
-0.137897
-0.137964
-0.138032
-0.138100
-0.138168
-0.138237
-0.138306
-0.138375
-0.138444
-0.138513
-0.138583
-0.138653
-0.138723
-0.138793
-0.138864
-0.138935
-0.139006
-0.139077
-0.139148
-0.139220
-0.139292
-0.139364
-0.139437
-0.139509
-0.139581
-0.139655
-0.139729
-0.139801
-0.139875
-0.139948
-0.140023
-0.140097
-0.140172
-0.140246
-0.140321
-0.140396
-0.140471
-0.140546
-0.140622
-0.140698
-0.140774
-0.140850
-0.140927
-0.141003
-0.141080
-0.141157
-0.141234
-0.141311
-0.141389
-0.141466
-0.141544
-0.141622
-0.141700
-0.141778
-0.141857
-0.141936
-0.142014
-0.142093
-0.142172
-0.142251
-0.142331
-0.142410
-0.142489
-0.142569
-0.142649
-0.142729
-0.142810
-0.142890
-0.142970
-0.143051
-0.143131
-0.143212
-0.143293
-0.143374
-0.143456
-0.143537
-0.143618
-0.143700
-0.143781
-0.143863
-0.143945
-0.144027
-0.144109
-0.144191
-0.144273
-0.144356
-0.144438
-0.144520
-0.144603
-0.144686
-0.144768
-0.144851
-0.144934
-0.145017
-0.145100
-0.145183
-0.145266
-0.145350
-0.145433
-0.145516
-0.145600
-0.145683
-0.145766
-0.145850
-0.145934
-0.146017
-0.146101
-0.146184
-0.146268
-0.146351
-0.146436
-0.146519
-0.146603
-0.146687
-0.146771
-0.146854
-0.146939
-0.147022
-0.147106
-0.147190
-0.147274
-0.147358
-0.147441
-0.147526
-0.147609
-0.147693
-0.147777
-0.147861
-0.147945
-0.148028
-0.148112
-0.148196
-0.148280
-0.148363
-0.148447
-0.148531
-0.148614
-0.148698
-0.148781
-0.148864
-0.148948
-0.149031
-0.149114
-0.149197
-0.149280
-0.149363
-0.149446
-0.149529
-0.149612
-0.149694
-0.149777
-0.149860
-0.149942
-0.150025
-0.150107
-0.150189
-0.150271
-0.150353
-0.150435
-0.150517
-0.150598
-0.150680
-0.150761
-0.150843
-0.150924
-0.151005
-0.151086
-0.151167
-0.151248
-0.151328
-0.151409
-0.151489
-0.151570
-0.151650
-0.151729
-0.151810
-0.151889
-0.151968
-0.152048
-0.152127
-0.152206
-0.152285
-0.152364
-0.152442
-0.152521
-0.152599
-0.152677
-0.152755
-0.152833
-0.152911
-0.152988
-0.153065
-0.153142
-0.153219
-0.153296
-0.153372
-0.153449
-0.153525
-0.153601
-0.153677
-0.153752
-0.153827
-0.153903
-0.153978
-0.154052
-0.154127
-0.154201
-0.154276
-0.154349
-0.154423
-0.154497
-0.154570
-0.154643
-0.154716
-0.154789
-0.154861
-0.154933
-0.155005
-0.155077
-0.155149
-0.155220
-0.155291
-0.155362
-0.155433
-0.155503
-0.155573
-0.155643
-0.155713
-0.155782
-0.155851
-0.155920
-0.155989
-0.156057
-0.156125
-0.156193
-0.156261
-0.156328
-0.156395
-0.156462
-0.156529
-0.156595
-0.156661
-0.156727
-0.156793
-0.156858
-0.156923
-0.156988
-0.157052
-0.157117
-0.157181
-0.157244
-0.157308
-0.157371
-0.157434
-0.157496
-0.157559
-0.157620
-0.157682
-0.157744
-0.157805
-0.157866
-0.157926
-0.157986
-0.158046
-0.158106
-0.158166
-0.158225
-0.158284
-0.158342
-0.158400
-0.158458
-0.158516
-0.158573
-0.158630
-0.158687
-0.158743
-0.158799
-0.158855
-0.158911
-0.158966
-0.159021
-0.159075
-0.159130
-0.159183
-0.159237
-0.159290
-0.159344
-0.159396
-0.159449
-0.159501
-0.159552
-0.159604
-0.159655
-0.159706
-0.159756
-0.159807
-0.159856
-0.159906
-0.159955
-0.160004
-0.160053
-0.160101
-0.160149
-0.160196
-0.160243
-0.160290
-0.160337
-0.160384
-0.160429
-0.160475
-0.160520
-0.160565
-0.160610
-0.160654
-0.160698
-0.160742
-0.160785
-0.160828
-0.160871
-0.160913
-0.160956
-0.160997
-0.161039
-0.161080
-0.161120
-0.161160
-0.161201
-0.161240
-0.161280
-0.161319
-0.161357
-0.161396
-0.161434
-0.161471
-0.161509
-0.161546
-0.161582
-0.161619
-0.161655
-0.161690
-0.161726
-0.161761
-0.161795
-0.161830
-0.161864
-0.161897
-0.161931
-0.161963
-0.161996
-0.162028
-0.162060
-0.162092
-0.162123
-0.162154
-0.162185
-0.162215
-0.162245
-0.162275
-0.162304
-0.162333
-0.162362
-0.162390
-0.162418
-0.162446
-0.162473
-0.162500
-0.162527
-0.162553
-0.162579
-0.162605
-0.162631
-0.162656
-0.162680
-0.162705
-0.162728
-0.162752
-0.162776
-0.162799
-0.162821
-0.162844
-0.162866
-0.162888
-0.162909
-0.162931
-0.162951
-0.162972
-0.162992
-0.163012
-0.163031
-0.163051
-0.163070
-0.163088
-0.163106
-0.163124
-0.163142
-0.163159
-0.163176
-0.163193
-0.163209
-0.163225
-0.163241
-0.163257
-0.163272
-0.163287
-0.163301
-0.163315
-0.163329
-0.163343
-0.163356
-0.163369
-0.163382
-0.163394
-0.163406
-0.163418
-0.163430
-0.163441
-0.163452
-0.163462
-0.163472
-0.163483
-0.163492
-0.163502
-0.163511
-0.163520
-0.163528
-0.163536
-0.163544
-0.163552
-0.163559
-0.163567
-0.163573
-0.163580
-0.163586
-0.163592
-0.163598
-0.163603
-0.163609
-0.163613
-0.163618
-0.163623
-0.163627
-0.163630
-0.163634
-0.163637
-0.163640
-0.163643
-0.163645
-0.163648
-0.163650
-0.163651
-0.163653
-0.163654
-0.163655
-0.163655
-0.163656
-0.163656
-0.163656
-0.163655
-0.163655
-0.163654
-0.163653
-0.163652
-0.163650
-0.163648
-0.163646
-0.163644
-0.163642
-0.163639
-0.163636
-0.163633
-0.163630
-0.163625
-0.163622
-0.163618
-0.163613
-0.163609
-0.163604
-0.163598
-0.163594
-0.163588
-0.163582
-0.163577
-0.163570
-0.163564
-0.163557
-0.163551
-0.163544
-0.163536
-0.163529
-0.163521
-0.163514
-0.163505
-0.163497
-0.163489
-0.163480
-0.163471
-0.163462
-0.163453
-0.163443
-0.163434
-0.163424
-0.163414
-0.163404
-0.163394
-0.163383
-0.163372
-0.163362
-0.163350
-0.163339
-0.163328
-0.163316
-0.163304
-0.163292
-0.163280
-0.163268
-0.163256
-0.163243
-0.163230
-0.163217
-0.163204
-0.163191
-0.163177
-0.163164
-0.163150
-0.163136
-0.163122
-0.163108
-0.163093
-0.163079
-0.163064
-0.163049
-0.163035
-0.163019
-0.163005
-0.162990
-0.162974
-0.162959
-0.162943
-0.162927
-0.162911
-0.162895
-0.162879
-0.162862
-0.162846
-0.162829
-0.162812
-0.162795
-0.162778
-0.162761
-0.162744
-0.162727
-0.162709
-0.162692
-0.162674
-0.162656
-0.162638
-0.162620
-0.162602
-0.162584
-0.162565
-0.162547
-0.162528
-0.162510
-0.162491
-0.162472
-0.162453
-0.162434
-0.162415
-0.162396
-0.162376
-0.162357
-0.162337
-0.162318
-0.162298
-0.162278
-0.162259
-0.162239
-0.162219
-0.162199
-0.162178
-0.162158
-0.162138
-0.162118
-0.162097
-0.162077
-0.162056
-0.162036
-0.162015
-0.161994
-0.161973
-0.161952
-0.161931
-0.161910
-0.161889
-0.161868
-0.161847
-0.161826
-0.161805
-0.161783
-0.161762
-0.161741
-0.161719
-0.161698
-0.161676
-0.161654
-0.161633
-0.161611
-0.161589
-0.161568
-0.161548
-0.161526
-0.161504
-0.161482
-0.161461
-0.161439
-0.161417
-0.161395
-0.161373
-0.161351
-0.161329
-0.161307
-0.161285
-0.161263
-0.161241
-0.161219
-0.161197
-0.161175
-0.161153
-0.161130
-0.161108
-0.161086
-0.161064
-0.161042
-0.161019
-0.160997
-0.160975
-0.160953
-0.160931
-0.160908
-0.160886
-0.160864
-0.160842
-0.160819
-0.160797
-0.160775
-0.160753
-0.160731
-0.160708
-0.160686
-0.160664
-0.160642
-0.160620
-0.160598
-0.160575
-0.160553
-0.160531
-0.160509
-0.160487
-0.160465
-0.160443
-0.160421
-0.160399
-0.160377
-0.160355
-0.160333
-0.160312
-0.160290
-0.160268
-0.160246
-0.160225
-0.160203
-0.160181
-0.160160
-0.160138
-0.160116
-0.160095
-0.160073
-0.160052
-0.160030
-0.160009
-0.159988
-0.159966
-0.159945
-0.159924
-0.159903
-0.159882
-0.159861
-0.159840
-0.159819
-0.159798
-0.159777
-0.159756
-0.159735
-0.159715
-0.159694
-0.159673
-0.159653
-0.159632
-0.159612
-0.159591
-0.159571
-0.159551
-0.159531
-0.159510
-0.159490
-0.159470
-0.159450
-0.159430
-0.159411
-0.159391
-0.159371
-0.159351
-0.159332
-0.159312
-0.159293
-0.159274
-0.159254
-0.159235
-0.159216
-0.159197
-0.159178
-0.159159
-0.159140
-0.159121
-0.159102
-0.159084
-0.159065
-0.159047
-0.159028
-0.159010
-0.158992
-0.158974
-0.158955
-0.158937
-0.158920
-0.158902
-0.158884
-0.158866
-0.158849
-0.158831
-0.158814
-0.158796
-0.158779
-0.158762
-0.158745
-0.158728
-0.158711
-0.158694
-0.158677
-0.158661
-0.158644
-0.158628
-0.158611
-0.158595
-0.158579
-0.158563
-0.158547
-0.158531
-0.158515
-0.158499
-0.158484
-0.158468
-0.158452
-0.158438
-0.158422
-0.158407
-0.158392
-0.158377
-0.158362
-0.158348
-0.158333
-0.158318
-0.158304
-0.158290
-0.158275
-0.158261
-0.158247
-0.158233
-0.158219
-0.158205
-0.158192
-0.158178
-0.158165
-0.158151
-0.158138
-0.158125
-0.158112
-0.158099
-0.158086
-0.158073
-0.158061
-0.158048
-0.158036
-0.158024
-0.158012
-0.157999
-0.157987
-0.157976
-0.157964
-0.157952
-0.157941
-0.157929
-0.157918
-0.157907
-0.157896
-0.157885
-0.157874
-0.157863
-0.157852
-0.157842
-0.157831
-0.157821
-0.157811
-0.157801
-0.157791
-0.157781
-0.157771
-0.157761
-0.157752
-0.157742
-0.157733
-0.157724
-0.157715
-0.157706
-0.157697
-0.157688
-0.157680
-0.157671
-0.157663
-0.157654
-0.157646
-0.157638
-0.157630
-0.157622
-0.157615
-0.157607
-0.157599
-0.157592
-0.157585
-0.157578
-0.157571
-0.157564
-0.157557
-0.157550
-0.157543
-0.157537
-0.157531
-0.157524
-0.157518
-0.157512
-0.157506
-0.157500
-0.157495
-0.157489
-0.157484
-0.157479
-0.157473
-0.157468
-0.157463
-0.157458
-0.157454
-0.157449
-0.157445
-0.157440
-0.157436
-0.157432
-0.157427
-0.157423
-0.157420
-0.157416
-0.157412
-0.157409
-0.157405
-0.157402
-0.157399
-0.157396
-0.157393
-0.157390
-0.157387
-0.157384
-0.157383
-0.157380
-0.157378
-0.157375
-0.157374
-0.157372
-0.157370
-0.157368
-0.157366
-0.157365
-0.157363
-0.157362
-0.157361
-0.157360
-0.157359
-0.157358
-0.157358
-0.157357
-0.157357
-0.157356
-0.157356
-0.157356
-0.157356
-0.157356
-0.157356
-0.157356
-0.157357
-0.157357
-0.157358
-0.157358
-0.157359
-0.157360
-0.157361
-0.157362
-0.157363
-0.157365
-0.157366
-0.157368
-0.157369
-0.157371
-0.157373
-0.157375
-0.157377
-0.157379
-0.157381
-0.157384
-0.157386
-0.157389
-0.157391
-0.157394
-0.157397
-0.157400
-0.157403
-0.157406
-0.157409
-0.157413
-0.157416
-0.157420
-0.157423
-0.157427
-0.157431
-0.157435
-0.157439
-0.157443
-0.157447
-0.157452
-0.157456
-0.157461
-0.157465
-0.157470
-0.157475
-0.157479
-0.157484
-0.157489
-0.157495
-0.157500
-0.157505
-0.157511
-0.157516
-0.157521
-0.157528
-0.157533
-0.157540
-0.157545
-0.157551
-0.157558
-0.157563
-0.157570
-0.157576
-0.157583
-0.157589
-0.157596
-0.157602
-0.157609
-0.157616
-0.157623
-0.157630
-0.157637
-0.157644
-0.157652
-0.157659
-0.157667
-0.157674
-0.157682
-0.157689
-0.157697
-0.157705
-0.157713
-0.157721
-0.157729
-0.157737
-0.157745
-0.157753
-0.157762
-0.157770
-0.157779
-0.157787
-0.157796
-0.157805
-0.157813
-0.157822
-0.157831
-0.157840
-0.157849
-0.157858
-0.157867
-0.157877
-0.157886
-0.157895
-0.157905
-0.157914
-0.157924
-0.157933
-0.157943
-0.157953
-0.157962
-0.157972
-0.157982
-0.157992
-0.158002
-0.158012
-0.158022
-0.158033
-0.158043
-0.158053
-0.158063
-0.158074
-0.158084
-0.158095
-0.158105
-0.158116
-0.158127
-0.158137
-0.158148
-0.158159
-0.158170
-0.158181
-0.158192
-0.158203
-0.158214
-0.158225
-0.158236
-0.158247
-0.158258
-0.158270
-0.158281
-0.158292
-0.158304
-0.158315
-0.158327
-0.158338
-0.158350
-0.158361
-0.158373
-0.158385
-0.158396
-0.158408
-0.158419
-0.158431
-0.158443
-0.158455
-0.158467
-0.158479
-0.158490
-0.158503
-0.158515
-0.158527
-0.158539
-0.158551
-0.158563
-0.158575
-0.158587
-0.158599
-0.158611
-0.158624
-0.158636
-0.158648
-0.158660
-0.158673
-0.158685
-0.158697
-0.158710
-0.158722
-0.158735
-0.158747
-0.158759
-0.158772
-0.158784
-0.158797
-0.158809
-0.158822
-0.158834
-0.158847
-0.158859
-0.158872
-0.158884
-0.158897
-0.158909
-0.158922
-0.158935
-0.158947
-0.158960
-0.158972
-0.158985
-0.158998
-0.159010
-0.159023
-0.159035
-0.159048
-0.159061
-0.159073
-0.159086
-0.159099
-0.159111
-0.159124
-0.159136
-0.159149
-0.159162
-0.159174
-0.159187
-0.159199
-0.159212
-0.159224
-0.159237
-0.159250
-0.159262
-0.159275
-0.159287
-0.159300
-0.159312
-0.159324
-0.159337
-0.159350
-0.159362
-0.159374
-0.159387
-0.159399
-0.159412
-0.159424
-0.159436
-0.159449
-0.159461
-0.159473
-0.159486
-0.159498
-0.159510
-0.159522
-0.159535
-0.159547
-0.159559
-0.159571
-0.159583
-0.159595
-0.159607
-0.159619
-0.159631
-0.159643
-0.159655
-0.159667
-0.159679
-0.159691
-0.159703
-0.159715
-0.159726
-0.159738
-0.159750
-0.159762
-0.159773
-0.159785
-0.159797
-0.159808
-0.159820
-0.159831
-0.159843
-0.159854
-0.159865
-0.159877
-0.159888
-0.159899
-0.159911
-0.159922
-0.159933
-0.159944
-0.159955
-0.159966
-0.159977
-0.159988
-0.159999
-0.160010
-0.160021
-0.160032
-0.160042
-0.160049
-0.160068
-0.160072
-0.160088
-0.160092
-0.160109
-0.160113
-0.160130
-0.160134
-0.160150
-0.160154
-0.160171
-0.160175
-0.160191
-0.160195
-0.160211
-0.160215
-0.160231
-0.160235
-0.160251
-0.160254
-0.160270
-0.160274
-0.160289
-0.160293
-0.160308
-0.160312
-0.160327
-0.160330
-0.160346
-0.160349
-0.160364
-0.160367
-0.160383
-0.160386
-0.160400
-0.160403
-0.160417
-0.160421
-0.160436
-0.160439
-0.160452
-0.160455
-0.160469
-0.160472
-0.160486
-0.160489
-0.160503
-0.160506
-0.160519
-0.160522
-0.160535
-0.160538
-0.160550
-0.160553
-0.160566
-0.160569
-0.160581
-0.160584
-0.160596
-0.160599
-0.160611
-0.160614
-0.160626
-0.160628
-0.160640
-0.160643
-0.160654
-0.160657
-0.160668
-0.160670
-0.160681
-0.160684
-0.160694
-0.160697
-0.160707
-0.160710
-0.160720
-0.160722
-0.160733
-0.160735
-0.160745
-0.160747
-0.160757
-0.160759
-0.160768
-0.160771
-0.160780
-0.160782
-0.160791
-0.160793
-0.160802
-0.160804
-0.160812
-0.160814
-0.160823
-0.160824
-0.160833
-0.160834
-0.160842
-0.160844
-0.160852
-0.160854
-0.160861
-0.160863
-0.160870
-0.160871
-0.160879
-0.160879
-0.160887
-0.160887
-0.160898
-0.160898
-0.160901
-0.160901
-0.160913
-0.160913
-0.160916
-0.160917
-0.160927
-0.160927
-0.160931
-0.160931
-0.160939
-0.160939
-0.160944
-0.160944
-0.160951
-0.160951
-0.160956
-0.160958
-0.160958
-0.160963
-0.160963
-0.160971
-0.160971
-0.160971
-0.160973
-0.160973
-0.160981
-0.160981
-0.160983
-0.160983
-0.160991
-0.160991
-0.160991
-0.160991
-0.160989
-0.160989
-0.161003
-0.161003
-0.160994
-0.160994
-0.161005
-0.161004
-0.161004
-0.161002
-0.161002
-0.161008
-0.161008
-0.161006
-0.161006
-0.161010
-0.161010
-0.161010
-0.161008
-0.161008
-0.161013
-0.161013
-0.161008
-0.161008
-0.161013
-0.161012
-0.161012
-0.161008
-0.161008
-0.161011
-0.161011
-0.161011
-0.161005
-0.161005
-0.161009
-0.161009
-0.161003
-0.161005
-0.161005
-0.161001
-0.161001
-0.161002
-0.161001
-0.161001
-0.160994
-0.160994
-0.160995
-0.160994
-0.160994
-0.160986
-0.160986
-0.160987
-0.160986
-0.160986
-0.160977
-0.160977
-0.160977
-0.160976
-0.160976
-0.160967
-0.160967
-0.160966
-0.160965
-0.160965
-0.160955
-0.160955
-0.160955
-0.160949
-0.160949
-0.160946
-0.160946
-0.160936
-0.160936
-0.160936
-0.160929
-0.160929
-0.160927
-0.160927
-0.160912
-0.160914
-0.160914
-0.160907
-0.160907
-0.160901
-0.160901
-0.160894
-0.160892
-0.160892
-0.160877
-0.160877
-0.160877
-0.160877
-0.160864
-0.160864
-0.160864
-0.160854
-0.160854
-0.160846
-0.160846
-0.160837
-0.160836
-0.160836
-0.160820
-0.160820
-0.160819
-0.160819
-0.160803
-0.160803
-0.160803
-0.160792
-0.160792
-0.160783
-0.160783
-0.160773
-0.160771
-0.160771
-0.160753
-0.160753
-0.160752
-0.160752
-0.160734
-0.160733
-0.160733
-0.160722
-0.160722
-0.160711
-0.160711
-0.160700
-0.160698
-0.160698
-0.160679
-0.160679
-0.160677
-0.160677
-0.160657
-0.160656
-0.160656
-0.160644
-0.160644
-0.160632
-0.160632
-0.160621
-0.160618
-0.160618
-0.160597
-0.160597
-0.160595
-0.160595
-0.160573
-0.160572
-0.160572
-0.160559
-0.160559
-0.160547
-0.160547
-0.160534
-0.160531
-0.160531
-0.160510
-0.160510
-0.160507
-0.160507
-0.160483
-0.160482
-0.160482
-0.160469
-0.160469
-0.160455
-0.160455
-0.160443
-0.160439
-0.160439
-0.160416
-0.160417
-0.160414
-0.160414
-0.160389
-0.160388
-0.160388
-0.160374
-0.160374
-0.160360
-0.160360
-0.160346
-0.160343
-0.160343
-0.160320
-0.160320
-0.160317
-0.160317
-0.160291
-0.160290
-0.160290
-0.160276
-0.160276
-0.160260
-0.160260
-0.160247
-0.160243
-0.160243
-0.160219
-0.160219
-0.160216
-0.160216
-0.160189
-0.160188
-0.160188
-0.160174
-0.160174
-0.160158
-0.160158
-0.160146
-0.160141
-0.160141
-0.160116
-0.160116
-0.160113
-0.160113
-0.160086
-0.160085
-0.160085
-0.160071
-0.160071
-0.160055
-0.160055
-0.160042
-0.160037
-0.160037
-0.160013
-0.160013
-0.160010
-0.160010
-0.159982
-0.159981
-0.159981
-0.159967
-0.159967
-0.159949
-0.159949
-0.159938
-0.159933
-0.159933
-0.159908
-0.159908
-0.159905
-0.159905
-0.159878
-0.159876
-0.159876
-0.159863
-0.159863
-0.159844
-0.159844
-0.159833
-0.159829
-0.159829
-0.159804
-0.159804
-0.159800
-0.159800
-0.159774
-0.159772
-0.159772
-0.159759
-0.159759
-0.159740
-0.159740
-0.159730
-0.159723
-0.159723
-0.159705
-0.159705
-0.159692
-0.159686
-0.159686
-0.159668
-0.159668
-0.159656
-0.159650
-0.159650
-0.159632
-0.159632
-0.159619
-0.159614
-0.159614
-0.159596
-0.159596
-0.159584
-0.159578
-0.159578
-0.159561
-0.159561
-0.159548
-0.159543
-0.159543
-0.159526
-0.159526
-0.159513
-0.159508
-0.159508
-0.159491
-0.159491
-0.159478
-0.159473
-0.159473
-0.159457
-0.159457
-0.159444
-0.159439
-0.159439
-0.159423
-0.159423
-0.159410
-0.159405
-0.159405
-0.159389
-0.159389
-0.159378
-0.159372
-0.159372
-0.159358
-0.159358
-0.159344
-0.159339
-0.159339
-0.159325
-0.159325
-0.159312
-0.159307
-0.159307
-0.159293
-0.159293
-0.159280
-0.159276
-0.159276
-0.159262
-0.159262
-0.159250
-0.159245
-0.159245
-0.159232
-0.159232
-0.159219
-0.159214
-0.159214
-0.159202
-0.159202
-0.159189
-0.159185
-0.159185
-0.159173
-0.159173
-0.159160
-0.159155
-0.159155
-0.159144
-0.159144
-0.159132
-0.159128
-0.159128
-0.159116
-0.159116
-0.159104
-0.159100
-0.159100
-0.159089
-0.159089
-0.159077
-0.159073
-0.159073
-0.159063
-0.159063
-0.159051
-0.159047
-0.159047
-0.159037
-0.159037
-0.159026
-0.159022
-0.159022
-0.159012
-0.159012
-0.159000
-0.158997
-0.158997
-0.158988
-0.158988
-0.158977
-0.158973
-0.158973
-0.158964
-0.158964
-0.158953
-0.158950
-0.158950
-0.158941
-0.158941
-0.158931
-0.158928
-0.158928
-0.158920
-0.158920
-0.158909
-0.158906
-0.158906
-0.158899
-0.158899
-0.158889
-0.158886
-0.158886
-0.158879
-0.158879
-0.158868
-0.158866
-0.158866
-0.158859
-0.158859
-0.158850
-0.158847
-0.158847
-0.158841
-0.158841
-0.158831
-0.158828
-0.158828
-0.158824
-0.158824
-0.158813
-0.158811
-0.158811
-0.158807
-0.158807
-0.158797
-0.158794
-0.158794
-0.158791
-0.158791
-0.158781
-0.158779
-0.158779
-0.158776
-0.158776
-0.158766
-0.158764
-0.158764
-0.158761
-0.158761
-0.158753
-0.158751
-0.158751
-0.158748
-0.158748
-0.158740
-0.158738
-0.158738
-0.158735
-0.158735
-0.158727
-0.158726
-0.158726
-0.158724
-0.158724
-0.158716
-0.158714
-0.158714
-0.158712
-0.158712
-0.158706
-0.158704
-0.158704
-0.158702
-0.158702
-0.158696
-0.158695
-0.158695
-0.158693
-0.158693
-0.158688
-0.158686
-0.158686
-0.158685
-0.158685
-0.158680
-0.158679
-0.158679
-0.158677
-0.158677
-0.158674
-0.158674
-0.158669
-0.158668
-0.158668
-0.158667
-0.158667
-0.158666
-0.158666
-0.158663
-0.158662
-0.158662
-0.158659
-0.158659
-0.158658
-0.158658
-0.158656
-0.158655
-0.158655
-0.158654
-0.158654
-0.158653
-0.158653
-0.158652
-0.158650
-0.158650
-0.158651
-0.158651
-0.158649
-0.158648
-0.158648
-0.158649
-0.158649
-0.158647
-0.158647
-0.158647
-0.158648
-0.158648
-0.158646
-0.158646
-0.158646
-0.158646
-0.158646
-0.158646
-0.158646
-0.158647
-0.158647
-0.158647
-0.158647
-0.158647
-0.158648
-0.158648
-0.158647
-0.158647
-0.158649
-0.158649
-0.158649
-0.158650
-0.158650
-0.158651
-0.158651
-0.158652
-0.158652
-0.158652
-0.158655
-0.158655
-0.158655
-0.158655
-0.158657
-0.158657
-0.158657
-0.158659
-0.158659
-0.158661
-0.158661
-0.158663
-0.158664
-0.158664
-0.158667
-0.158667
-0.158667
-0.158667
-0.158671
-0.158671
-0.158671
-0.158674
-0.158674
-0.158676
-0.158676
-0.158679
-0.158680
-0.158680
-0.158685
-0.158685
-0.158685
-0.158685
-0.158690
-0.158690
-0.158690
-0.158693
-0.158693
-0.158696
-0.158696
-0.158702
-0.158702
-0.158702
-0.158703
-0.158703
-0.158710
-0.158710
-0.158711
-0.158712
-0.158712
-0.158720
-0.158720
-0.158720
-0.158720
-0.158726
-0.158727
-0.158727
-0.158731
-0.158731
-0.158733
-0.158733
-0.158743
-0.158743
-0.158743
-0.158744
-0.158744
-0.158752
-0.158752
-0.158754
-0.158755
-0.158755
-0.158764
-0.158764
-0.158765
-0.158765
-0.158772
-0.158773
-0.158773
-0.158778
-0.158778
-0.158781
-0.158781
-0.158791
-0.158791
-0.158791
-0.158794
-0.158794
-0.158801
-0.158801
-0.158805
-0.158806
-0.158806
-0.158816
-0.158816
-0.158817
-0.158817
-0.158825
-0.158826
-0.158826
-0.158832
-0.158832
-0.158836
-0.158836
-0.158847
-0.158847
-0.158848
-0.158850
-0.158850
-0.158858
-0.158858
-0.158862
-0.158864
-0.158864
-0.158875
-0.158875
-0.158876
-0.158876
-0.158884
-0.158885
-0.158885
-0.158892
-0.158892
-0.158897
-0.158897
-0.158908
-0.158908
-0.158910
-0.158911
-0.158911
-0.158920
-0.158920
-0.158925
-0.158927
-0.158927
-0.158938
-0.158938
-0.158939
-0.158939
-0.158949
-0.158950
-0.158950
-0.158957
-0.158957
-0.158961
-0.158961
-0.158974
-0.158974
-0.158975
-0.158976
-0.158976
-0.158986
-0.158986
-0.158991
-0.158993
-0.158993
-0.159004
-0.159004
-0.159006
-0.159006
-0.159016
-0.159017
-0.159017
-0.159024
-0.159024
-0.159028
-0.159028
-0.159042
-0.159042
-0.159043
-0.159044
-0.159044
-0.159054
-0.159054
-0.159060
-0.159062
-0.159062
-0.159072
-0.159072
-0.159074
-0.159074
-0.159085
-0.159086
-0.159086
-0.159092
-0.159092
-0.159097
-0.159097
-0.159111
-0.159111
-0.159112
-0.159113
-0.159113
-0.159123
-0.159123
-0.159127
-0.159130
-0.159130
-0.159141
-0.159141
-0.159143
-0.159143
-0.159153
-0.159154
-0.159154
-0.159161
-0.159161
-0.159165
-0.159165
-0.159179
-0.159179
-0.159180
-0.159181
-0.159181
-0.159190
-0.159190
-0.159196
-0.159198
-0.159198
-0.159209
-0.159209
-0.159210
-0.159210
-0.159221
-0.159222
-0.159222
-0.159225
-0.159225
-0.159239
-0.159239
-0.159240
-0.159240
-0.159245
-0.159248
-0.159248
-0.159255
-0.159255
-0.159264
-0.159265
-0.159265
-0.159272
-0.159272
-0.159275
-0.159275
-0.159287
-0.159288
-0.159288
-0.159289
-0.159289
-0.159301
-0.159301
-0.159303
-0.159304
-0.159304
-0.159315
-0.159315
-0.159317
-0.159317
-0.159326
-0.159326
-0.159330
-0.159332
-0.159332
-0.159338
-0.159338
-0.159344
-0.159346
-0.159346
-0.159355
-0.159355
-0.159356
-0.159356
-0.159366
-0.159367
-0.159367
-0.159369
-0.159369
-0.159381
-0.159381
-0.159382
-0.159382
-0.159386
-0.159389
-0.159389
-0.159395
-0.159395
-0.159401
-0.159403
-0.159403
-0.159409
-0.159409
-0.159411
-0.159411
-0.159421
-0.159422
-0.159422
-0.159423
-0.159423
-0.159433
-0.159433
-0.159434
-0.159435
-0.159435
-0.159443
-0.159443
-0.159445
-0.159445
-0.159453
-0.159453
-0.159456
-0.159457
-0.159457
-0.159463
-0.159463
-0.159465
-0.159465
-0.159473
-0.159474
-0.159474
-0.159475
-0.159475
-0.159483
-0.159483
-0.159485
-0.159486
-0.159486
-0.159492
-0.159492
-0.159495
-0.159495
-0.159501
-0.159501
-0.159504
-0.159504
-0.159504
-0.159509
-0.159509
-0.159511
-0.159511
-0.159518
-0.159519
-0.159519
-0.159520
-0.159520
-0.159527
-0.159527
-0.159529
-0.159529
-0.159529
-0.159533
-0.159533
-0.159535
-0.159535
-0.159542
-0.159542
-0.159544
-0.159544
-0.159544
-0.159547
-0.159547
-0.159549
-0.159549
-0.159555
-0.159556
-0.159556
-0.159557
-0.159557
-0.159561
-0.159561
-0.159562
-0.159562
-0.159565
-0.159566
-0.159566
-0.159568
-0.159568
-0.159574
-0.159574
-0.159575
-0.159575
-0.159575
-0.159576
-0.159576
-0.159578
-0.159578
-0.159583
-0.159584
-0.159584
-0.159584
-0.159584
-0.159587
-0.159587
-0.159588
-0.159588
-0.159590
-0.159591
-0.159591
-0.159592
-0.159592
-0.159596
-0.159596
-0.159597
-0.159597
-0.159597
-0.159597
-0.159597
-0.159599
-0.159599
-0.159602
-0.159602
-0.159604
-0.159604
-0.159604
-0.159604
-0.159604
-0.159605
-0.159605
-0.159607
-0.159607
-0.159607
-0.159608
-0.159608
-0.159609
-0.159609
-0.159610
-0.159610
-0.159611
-0.159611
-0.159611
-0.159611
-0.159611
-0.159612
-0.159612
-0.159614
-0.159614
-0.159614
-0.159613
-0.159613
-0.159614
-0.159614
-0.159614
-0.159615
-0.159615
-0.159615
-0.159615
-0.159615
-0.159615
-0.159615
-0.159615
-0.159615
-0.159615
-0.159615
-0.159615
-0.159615
-0.159615
-0.159615
-0.159615
-0.159615
-0.159615
-0.159615
-0.159615
-0.159614
-0.159614
-0.159613
-0.159613
-0.159614
-0.159614
-0.159614
-0.159612
-0.159612
-0.159612
-0.159612
-0.159611
-0.159611
-0.159611
-0.159611
-0.159611
-0.159610
-0.159610
-0.159609
-0.159609
-0.159608
-0.159608
-0.159608
-0.159607
-0.159607
-0.159606
-0.159606
-0.159605
-0.159605
-0.159604
-0.159603
-0.159603
-0.159602
-0.159602
-0.159600
-0.159600
-0.159600
-0.159600
-0.159600
-0.159597
-0.159597
-0.159597
-0.159597
-0.159595
-0.159595
-0.159594
-0.159593
-0.159593
-0.159591
-0.159591
-0.159590
-0.159590
-0.159587
-0.159587
-0.159587
-0.159586
-0.159586
-0.159584
-0.159584
-0.159582
-0.159582
-0.159579
-0.159579
-0.159579
-0.159578
-0.159578
-0.159575
-0.159575
-0.159573
-0.159573
-0.159570
-0.159569
-0.159569
-0.159569
-0.159569
-0.159567
-0.159567
-0.159564
-0.159564
-0.159560
-0.159560
-0.159560
-0.159559
-0.159559
-0.159557
-0.159557
-0.159554
-0.159554
-0.159549
-0.159549
-0.159549
-0.159548
-0.159548
-0.159546
-0.159546
-0.159542
-0.159542
-0.159542
-0.159540
-0.159540
-0.159537
-0.159537
-0.159532
-0.159532
-0.159531
-0.159531
-0.159531
-0.159527
-0.159527
-0.159526
-0.159526
-0.159521
-0.159520
-0.159520
-0.159519
-0.159519
-0.159515
-0.159515
-0.159512
-0.159512
-0.159507
-0.159507
-0.159507
-0.159506
-0.159506
-0.159503
-0.159503
-0.159500
-0.159500
-0.159494
-0.159494
-0.159494
-0.159493
-0.159493
-0.159490
-0.159490
-0.159484
-0.159484
-0.159483
-0.159482
-0.159482
-0.159480
-0.159480
-0.159476
-0.159476
-0.159470
-0.159470
-0.159470
-0.159469
-0.159469
-0.159465
-0.159465
-0.159462
-0.159462
-0.159456
-0.159455
-0.159455
-0.159455
-0.159455
-0.159451
-0.159451
-0.159447
-0.159447
-0.159441
-0.159441
-0.159441
-0.159440
-0.159440
-0.159437
-0.159437
-0.159434
-0.159434
-0.159427
-0.159426
-0.159426
-0.159426
-0.159426
-0.159423
-0.159423
-0.159419
-0.159416
-0.159416
-0.159413
-0.159413
-0.159410
-0.159410
-0.159407
-0.159407
-0.159404
-0.159404
-0.159399
-0.159398
-0.159398
-0.159397
-0.159397
-0.159393
-0.159393
-0.159389
-0.159389
-0.159383
-0.159382
-0.159382
-0.159382
-0.159382
-0.159379
-0.159379
-0.159376
-0.159373
-0.159373
-0.159370
-0.159370
-0.159366
-0.159366
-0.159363
-0.159363
-0.159359
-0.159359
-0.159355
-0.159354
-0.159354
-0.159353
-0.159353
-0.159350
-0.159350
-0.159346
-0.159346
-0.159339
-0.159339
-0.159339
-0.159339
-0.159339
-0.159337
-0.159337
-0.159332
-0.159332
-0.159324
-0.159324
-0.159324
-0.159324
-0.159324
-0.159322
-0.159322
-0.159319
-0.159319
-0.159311
-0.159311
-0.159311
-0.159310
-0.159310
-0.159309
-0.159309
-0.159305
-0.159301
-0.159301
-0.159299
-0.159299
-0.159296
-0.159296
-0.159293
-0.159293
-0.159290
-0.159290
-0.159285
-0.159285
-0.159285
-0.159284
-0.159284
-0.159281
-0.159281
-0.159277
-0.159277
-0.159270
-0.159270
-0.159270
-0.159271
-0.159271
-0.159269
-0.159269
-0.159266
-0.159266
-0.159258
-0.159258
-0.159258
-0.159258
-0.159258
-0.159256
-0.159256
-0.159253
-0.159253
-0.159246
-0.159246
-0.159246
-0.159246
-0.159246
-0.159245
-0.159245
-0.159242
-0.159242
-0.159234
-0.159234
-0.159234
-0.159234
-0.159234
-0.159233
-0.159233
-0.159230
-0.159228
-0.159228
-0.159225
-0.159225
-0.159223
-0.159223
-0.159220
-0.159220
-0.159218
-0.159218
-0.159214
-0.159214
-0.159214
-0.159213
-0.159213
-0.159211
-0.159211
-0.159208
-0.159208
-0.159203
-0.159203
-0.159203
-0.159203
-0.159203
-0.159203
-0.159203
-0.159200
-0.159200
-0.159193
-0.159193
-0.159193
-0.159193
-0.159193
-0.159193
-0.159193
-0.159191
-0.159191
-0.159185
-0.159184
-0.159184
-0.159185
-0.159185
-0.159184
-0.159184
-0.159182
-0.159182
-0.159179
-0.159177
-0.159177
-0.159176
-0.159176
-0.159175
-0.159175
-0.159173
-0.159173
-0.159172
-0.159172
-0.159168
-0.159168
-0.159168
-0.159168
-0.159168
-0.159167
-0.159167
-0.159165
-0.159165
-0.159161
-0.159161
-0.159161
-0.159161
-0.159161
-0.159161
-0.159161
-0.159159
-0.159159
-0.159157
-0.159155
-0.159155
-0.159154
-0.159154
-0.159153
-0.159153
-0.159153
-0.159153
-0.159151
-0.159151
-0.159147
-0.159147
-0.159147
-0.159150
-0.159150
-0.159149
-0.159149
-0.159148
-0.159148
-0.159146
-0.159144
-0.159144
-0.159144
-0.159144
-0.159143
-0.159143
-0.159142
-0.159142
-0.159141
-0.159141
-0.159140
-0.159139
-0.159139
-0.159139
-0.159139
-0.159137
-0.159137
-0.159138
-0.159138
-0.159137
-0.159137
-0.159137
-0.159137
-0.159137
-0.159136
-0.159136
-0.159135
-0.159135
-0.159134
-0.159134
-0.159134
-0.159134
-0.159133
-0.159132
-0.159132
-0.159132
-0.159132
-0.159133
-0.159133
-0.159132
-0.159132
-0.159132
-0.159132
-0.159132
-0.159131
-0.159131
-0.159131
-0.159131
-0.159131
-0.159131
-0.159132
-0.159132
-0.159131
-0.159131
-0.159131
-0.159130
-0.159130
-0.159130
-0.159130
-0.159130
-0.159130
-0.159130
-0.159130
-0.159130
-0.159130
-0.159131
-0.159131
-0.159130
-0.159130
-0.159130
-0.159131
-0.159131
-0.159131
-0.159131
-0.159131
-0.159131
-0.159131
-0.159131
-0.159131
-0.159131
-0.159131
-0.159132
-0.159132
-0.159132
-0.159132
-0.159132
-0.159132
-0.159133
-0.159133
-0.159133
-0.159133
-0.159133
-0.159134
-0.159134
-0.159135
-0.159135
-0.159135
-0.159135
-0.159135
-0.159135
-0.159135
-0.159136
-0.159136
-0.159138
-0.159138
-0.159138
-0.159138
-0.159138
-0.159138
-0.159139
-0.159139
-0.159139
-0.159139
-0.159139
-0.159140
-0.159140
-0.159142
-0.159142
-0.159142
-0.159142
-0.159143
-0.159143
-0.159143
-0.159144
-0.159144
-0.159145
-0.159145
-0.159146
-0.159146
-0.159147
-0.159147
-0.159148
-0.159148
-0.159149
-0.159149
-0.159150
-0.159150
-0.159151
-0.159151
-0.159151
-0.159152
-0.159152
-0.159153
-0.159153
-0.159154
-0.159154
-0.159156
-0.159157
-0.159157
-0.159157
-0.159157
-0.159158
-0.159158
-0.159160
-0.159160
-0.159161
-0.159161
-0.159162
-0.159162
-0.159163
-0.159163
-0.159164
-0.159165
-0.159165
-0.159167
-0.159167
-0.159167
-0.159167
-0.159169
-0.159169
-0.159170
-0.159170
-0.159173
-0.159173
-0.159173
-0.159173
-0.159173
-0.159174
-0.159174
-0.159176
-0.159176
-0.159177
-0.159177
-0.159179
-0.159181
-0.159181
-0.159182
-0.159182
-0.159183
-0.159183
-0.159184
-0.159184
-0.159186
-0.159186
-0.159187
-0.159187
-0.159189
-0.159190
-0.159190
-0.159190
-0.159190
-0.159193
-0.159193
-0.159194
-0.159194
-0.159195
-0.159195
-0.159198
-0.159198
-0.159199
-0.159200
-0.159200
-0.159201
-0.159201
-0.159203
-0.159203
-0.159204
-0.159204
-0.159206
-0.159206
-0.159207
-0.159207
-0.159210
-0.159210
-0.159212
-0.159212
-0.159212
-0.159213
-0.159213
-0.159216
-0.159216
-0.159217
-0.159217
-0.159219
-0.159219
-0.159222
-0.159222
-0.159222
-0.159222
-0.159222
-0.159224
-0.159224
-0.159225
-0.159225
-0.159229
-0.159229
-0.159230
-0.159231
-0.159231
-0.159232
-0.159232
-0.159234
-0.159234
-0.159235
-0.159235
-0.159238
-0.159238
-0.159239
-0.159239
-0.159241
-0.159241
-0.159243
-0.159243
-0.159243
-0.159244
-0.159244
-0.159248
-0.159248
-0.159249
-0.159249
-0.159251
-0.159251
-0.159254
-0.159254
-0.159254
-0.159254
-0.159254
-0.159256
-0.159256
-0.159258
-0.159258
-0.159261
-0.159261
-0.159262
-0.159262
-0.159266
-0.159266
-0.159266
-0.159266
-0.159266
-0.159267
-0.159267
-0.159270
-0.159270
-0.159272
-0.159273
-0.159273
-0.159274
-0.159274
-0.159276
-0.159276
-0.159278
-0.159278
-0.159280
-0.159280
-0.159281
-0.159281
-0.159283
-0.159283
-0.159286
-0.159286
-0.159286
-0.159287
-0.159287
-0.159289
-0.159289
-0.159291
-0.159291
-0.159293
-0.159293
-0.159296
-0.159296
-0.159296
-0.159296
-0.159296
-0.159297
-0.159297
-0.159299
-0.159299
-0.159302
-0.159302
-0.159303
-0.159303
-0.159307
-0.159307
-0.159307
-0.159306
-0.159306
-0.159308
-0.159308
-0.159312
-0.159312
-0.159313
-0.159313
-0.159315
-0.159316
-0.159316
-0.159316
-0.159316
-0.159316
-0.159316
-0.159319
-0.159319
-0.159321
-0.159321
-0.159323
-0.159323
-0.159325
-0.159325
-0.159325
-0.159325
-0.159325
-0.159328
-0.159328
-0.159329
-0.159329
-0.159331
-0.159331
-0.159334
-0.159334
-0.159334
-0.159333
-0.159333
-0.159335
-0.159335
-0.159337
-0.159337
-0.159339
-0.159339
-0.159341
-0.159341
-0.159341
-0.159341
-0.159341
-0.159343
-0.159343
-0.159345
-0.159345
-0.159348
-0.159348
-0.159349
-0.159348
-0.159348
-0.159348
-0.159348
-0.159350
-0.159350
-0.159352
-0.159352
-0.159355
-0.159355
-0.159355
-0.159355
-0.159356
-0.159355
-0.159355
-0.159356
-0.159356
-0.159359
-0.159359
-0.159361
-0.159361
-0.159362
-0.159362
-0.159364
-0.159364
-0.159364
-0.159363
-0.159363
-0.159364
-0.159364
-0.159367
-0.159367
-0.159368
-0.159368
-0.159371
-0.159370
-0.159370
-0.159369
-0.159369
-0.159370
-0.159370
-0.159372
-0.159372
-0.159373
-0.159373
-0.159376
-0.159376
-0.159376
-0.159375
-0.159375
-0.159375
-0.159375
-0.159377
-0.159377
-0.159379
-0.159379
-0.159381
-0.159381
-0.159381
-0.159380
-0.159380
-0.159380
-0.159380
-0.159382
-0.159382
-0.159383
-0.159383
-0.159386
-0.159385
-0.159385
-0.159385
-0.159385
-0.159385
-0.159385
-0.159387
-0.159387
-0.159388
-0.159388
-0.159390
-0.159389
-0.159389
-0.159388
-0.159388
-0.159389
-0.159389
-0.159390
-0.159390
-0.159391
-0.159393
-0.159393
-0.159393
-0.159393
-0.159392
-0.159392
-0.159392
-0.159392
-0.159393
-0.159393
-0.159394
-0.159394
-0.159396
-0.159396
-0.159396
-0.159395
-0.159395
-0.159396
-0.159396
-0.159396
-0.159396
-0.159397
-0.159397
-0.159399
-0.159399
-0.159399
-0.159398
-0.159398
-0.159396
-0.159396
-0.159397
-0.159397
-0.159399
-0.159399
-0.159402
-0.159402
-0.159402
-0.159399
-0.159399
-0.159399
-0.159399
-0.159400
-0.159400
-0.159402
-0.159402
-0.159403
-0.159404
-0.159404
-0.159402
-0.159402
-0.159400
-0.159400
-0.159398
-0.159398
-0.159400
-0.159400
-0.159411
-0.159402
-0.159402
-0.159403
-0.159403
-0.159401
-0.159401
-0.159401
-0.159403
-0.159403
-0.159403
-0.159400
-0.159400
-0.159402
-0.159402
-0.159406
-0.159406
-0.159404
-0.159396
-0.159396
-0.159409
-0.159409
-0.159403
-0.159403
-0.159398
-0.159405
-0.159405
-0.159400
-0.159400
-0.159408
-0.159408
-0.159396
-0.159401
-0.159401
-0.159401
-0.159401
-0.159401
-0.159400
-0.159400
-0.159401
-0.159401
-0.159402
-0.159402
-0.159403
-0.159403
-0.159401
-0.159407
-0.159407
-0.159394
-0.159394
-0.159403
-0.159403
-0.159397
-0.159397
-0.159404
-0.159405
-0.159405
-0.159397
-0.159397
-0.159397
-0.159397
-0.159398
-0.159398
-0.159400
-0.159400
-0.159399
-0.159399
-0.159399
-0.159396
-0.159396
-0.159396
-0.159396
-0.159397
-0.159397
-0.159400
-0.159399
-0.159399
-0.159395
-0.159395
-0.159393
-0.159393
-0.159400
-0.159398
-0.159398
-0.159387
-0.159387
-0.159399
-0.159399
-0.159390
-0.159394
-0.159394
-0.159391
-0.159392
-0.159392
-0.159393
-0.159393
-0.159394
-0.159394
-0.159393
-0.159392
-0.159392
-0.159391
-0.159391
-0.159390
-0.159390
-0.159387
-0.159387
-0.159385
-0.159385
-0.159387
-0.159387
-0.159388
-0.159389
-0.159389
-0.159388
-0.159388
-0.159386
-0.159386
-0.159384
-0.159384
-0.159383
-0.159384
-0.159384
-0.159384
-0.159384
-0.159383
-0.159383
-0.159383
-0.159383
-0.159381
-0.159381
-0.159381
-0.159381
-0.159381
-0.159381
-0.159381
-0.159380
-0.159380
-0.159378
-0.159378
-0.159380
-0.159380
-0.159380
-0.159377
-0.159377
-0.159369
-0.159369
-0.159386
-0.159369
-0.159369
-0.159385
-0.159385
-0.159367
-0.159367
-0.159378
-0.159378
-0.159364
-0.159372
-0.159372
-0.159375
-0.159375
-0.159362
-0.159371
-0.159371
-0.159366
-0.159365
-0.159365
-0.159367
-0.159367
-0.159368
-0.159368
-0.159369
-0.159369
-0.159363
-0.159366
-0.159366
-0.159363
-0.159363
-0.159371
-0.159350
-0.159350
-0.159384
-0.159384
-0.159330
-0.159330
-0.159404
-0.159404
-0.159307
-0.159361
-0.159361
-0.159354
-0.159354
-0.159364
-0.159364
-0.159348
-0.159354
-0.159354
-0.159354
-0.159354
-0.159355
-0.159356
-0.159356
-0.159356
-0.159354
-0.159354
-0.159351
-0.159349
-0.159349
-0.159350
-0.159350
-0.159352
-0.159352
-0.159349
-0.159349
-0.159348
-0.159348
-0.159347
-0.159347
-0.159346
-0.159346
-0.159345
-0.159344
-0.159343
-0.159342
-0.159341
-0.159341
-0.159343
-0.159343
-0.159343
-0.159343
-0.159339
-0.159343
-0.159344
-0.159339
-0.159331
-0.159355
-0.159310
-0.159360
-0.159346
-0.159337
-0.159333
-0.159331
-0.159331
-0.159332
-0.159335
-0.159336
-0.159336
-0.159335
-0.159334
-0.159332
-0.159331
-0.159330
-0.159331
-0.159331
-0.159331
-0.159331
-0.159331
-0.159331
-0.159330
-0.159329
-0.159327
-0.159324
-0.159324
-0.159325
-0.159326
-0.159326
-0.159327
-0.159326
-0.159326
-0.159324
-0.159323
-0.159322
-0.159322
-0.159322
-0.159322
-0.159321
-0.159321
-0.159321
-0.159321
-0.159320
-0.159320
-0.159319
-0.159319
-0.159319
-0.159318
-0.159317
-0.159317
-0.159317
-0.159316
-0.159316
-0.159315
-0.159315
-0.159315
-0.159314
-0.159314
-0.159313
-0.159313
-0.159312
-0.159312
-0.159312
-0.159311
-0.159311
-0.159311
-0.159310
-0.159310
-0.159310
-0.159309
-0.159309
-0.159308
-0.159308
-0.159307
-0.159307
-0.159307
-0.159306
-0.159306
-0.159305
-0.159305
-0.159305
-0.159304
-0.159304
-0.159304
-0.159303
-0.159304
-0.159303
-0.159303
-0.159302
-0.159302
-0.159301
-0.159301
-0.159301
-0.159300
-0.159300
-0.159300
-0.159299
-0.159299
-0.159299
-0.159298
-0.159298
-0.159298
-0.159297
-0.159297
-0.159296
-0.159296
-0.159296
-0.159295
-0.159295
-0.159295
-0.159295
-0.159294
-0.159294
-0.159293
-0.159293
-0.159293
-0.159293
-0.159292
-0.159292
-0.159292
-0.159291
-0.159291
-0.159291
-0.159290
-0.159290
-0.159290
-0.159289
-0.159289
-0.159289
-0.159289
-0.159288
-0.159288
-0.159288
-0.159288
-0.159287
-0.159287
-0.159287
-0.159286
-0.159286
-0.159286
-0.159286
-0.159285
-0.159285
-0.159285
-0.159285
-0.159284
-0.159284
-0.159284
-0.159283
-0.159283
-0.159283
-0.159283
-0.159283
-0.159283
-0.159282
-0.159282
-0.159282
-0.159281
-0.159281
-0.159281
-0.159280
-0.159280
-0.159280
-0.159280
-0.159280
-0.159280
-0.159279
-0.159279
-0.159279
-0.159279
-0.159279
-0.159278
-0.159278
-0.159278
-0.159277
-0.159277
-0.159277
-0.159277
-0.159277
-0.159277
-0.159276
-0.159276
-0.159276
-0.159276
-0.159276
-0.159276
-0.159275
-0.159275
-0.159275
-0.159275
-0.159275
-0.159274
-0.159274
-0.159274
-0.159274
-0.159274
-0.159274
-0.159274
-0.159274
-0.159273
-0.159273
-0.159273
-0.159273
-0.159273
-0.159272
-0.159272
-0.159272
-0.159273
-0.159273
-0.159272
-0.159272
-0.159270
-0.159270
-0.159271
-0.159272
-0.159272
-0.159272
-0.159272
-0.159271
-0.159271
-0.159270
-0.159269
-0.159269
-0.159270
-0.159273
-0.159272
-0.159268
-0.159270
-0.159270
-0.159269
-0.159271
-0.159270
-0.159268
-0.159272
-0.159273
-0.159272
-0.159270
-0.159263
-0.159264
-0.159266
-0.159268
-0.159271
-0.159271
-0.159271
-0.159268
-0.159269
-0.159270
-0.159269
-0.159266
-0.159270
-0.159265
-0.159266
-0.159268
-0.159269
-0.159270
-0.159269
-0.159269
-0.159269
-0.159269
-0.159269
-0.159265
-0.159269
-0.159274
-0.159266
-0.159266
-0.159267
-0.159270
-0.159271
-0.159271
-0.159258
-0.159272
-0.159268
-0.159266
-0.159267
-0.159268
-0.159270
-0.159269
-0.159268
-0.159268
-0.159267
-0.159265
-0.159268
-0.159269
-0.159272
-0.159271
-0.159260
-0.159264
-0.159284
-0.159276
-0.159244
-0.159286
-0.159279
-0.159254
-0.159256
-0.159260
-0.159267
-0.159271
-0.159281
-0.159277
-0.159272
-0.159267
-0.159264
-0.159263
-0.159267
-0.159267
-0.159267
-0.159275
-0.159273
-0.159269
-0.159264
-0.159274
-0.159271
-0.159259
-0.159264
-0.159287
-0.159281
-0.159250
-0.159256
-0.159290
-0.159282
-0.159249
-0.159256
-0.159283
-0.159282
-0.159274
-0.159268
-0.159267
-0.159267
-0.159268
-0.159270
-0.159271
-0.159272
-0.159272
-0.159274
-0.159271
-0.159272
-0.159264
-0.159268
-0.159288
-0.159281
-0.159245
-0.159277
-0.159279
-0.159278
-0.159272
-0.159271
-0.159271
-0.159270
-0.159272
-0.159273
-0.159274
-0.159274
-0.159274
-0.159275
-0.159275
-0.159273
-0.159272
-0.159274
-0.159271
-0.159273
-0.159278
-0.159275
-0.159275
-0.159275
-0.159274
-0.159273
-0.159274
-0.159275
-0.159277
-0.159277
-0.159276
-0.159276
-0.159274
-0.159276
-0.159277
-0.159278
-0.159278
-0.159277
-0.159275
-0.159277
-0.159280
-0.159279
-0.159274
-0.159275
-0.159278
-0.159279
-0.159282
-0.159280
-0.159279
-0.159279
-0.159276
-0.159279
-0.159286
-0.159284
-0.159271
-0.159275
-0.159282
-0.159284
-0.159283
-0.159283
-0.159278
-0.159278
-0.159283
-0.159283
-0.159282
-0.159282
-0.159280
-0.159280
-0.159283
-0.159284
-0.159284
-0.159281
-0.159280
-0.159285
-0.159284
-0.159290
-0.159286
-0.159277
-0.159281
-0.159283
-0.159284
-0.159290
-0.159286
-0.159285
-0.159285
-0.159286
-0.159286
-0.159280
-0.159282
-0.159285
-0.159288
-0.159293
-0.159294
-0.159279
-0.159279
-0.159284
-0.159307
-0.159303
-0.159273
-0.159274
-0.159293
-0.159295
-0.159292
-0.159289
-0.159280
-0.159285
-0.159302
-0.159299
-0.159274
-0.159278
-0.159298
-0.159299
-0.159289
-0.159290
-0.159291
-0.159292
-0.159295
-0.159294
-0.159293
-0.159291
-0.159290
-0.159291
-0.159295
-0.159295
-0.159295
-0.159294
-0.159292
-0.159292
-0.159293
-0.159294
-0.159294
-0.159297
-0.159297
-0.159296
-0.159296
-0.159295
-0.159296
-0.159296
-0.159295
-0.159294
-0.159296
-0.159298
-0.159304
-0.159301
-0.159286
-0.159289
-0.159315
-0.159309
-0.159286
-0.159287
-0.159309
-0.159306
-0.159290
-0.159292
-0.159304
-0.159302
-0.159297
-0.159299
-0.159303
-0.159303
-0.159297
-0.159299
-0.159304
-0.159303
-0.159302
-0.159301
-0.159301
-0.159302
-0.159302
-0.159303
-0.159308
-0.159307
-0.159297
-0.159300
-0.159308
-0.159306
-0.159299
-0.159302
-0.159308
-0.159307
-0.159301
-0.159303
-0.159308
-0.159307
-0.159304
-0.159305
-0.159307
-0.159307
-0.159306
-0.159306
-0.159308
-0.159308
-0.159308
-0.159306
-0.159308
-0.159309
-0.159311
-0.159311
-0.159308
-0.159303
-0.159308
-0.159308
-0.159315
-0.159313
-0.159309
-0.159308
-0.159304
-0.159306
-0.159309
-0.159314
-0.159315
-0.159315
-0.159312
-0.159303
-0.159306
-0.159316
-0.159318
-0.159317
-0.159316
-0.159297
-0.159304
-0.159324
-0.159320
-0.159314
-0.159311
-0.159309
-0.159310
-0.159314
-0.159321
-0.159320
-0.159314
-0.159310
-0.159312
-0.159318
-0.159315
-0.159315
-0.159315
-0.159313
-0.159311
-0.159312
-0.159315
-0.159317
-0.159319
-0.159320
-0.159317
-0.159318
-0.159313
-0.159324
-0.159321
-0.159316
-0.159316
-0.159314
-0.159315
-0.159323
-0.159322
-0.159314
-0.159314
-0.159317
-0.159319
-0.159324
-0.159321
-0.159316
-0.159317
-0.159320
-0.159320
-0.159320
-0.159320
-0.159319
-0.159320
-0.159321
-0.159321
-0.159321
-0.159321
-0.159321
-0.159323
-0.159322
-0.159318
-0.159320
-0.159323
-0.159323
-0.159321
-0.159322
-0.159324
-0.159326
-0.159325
-0.159322
-0.159319
-0.159321
-0.159320
-0.159322
-0.159330
-0.159328
-0.159322
-0.159320
-0.159321
-0.159322
-0.159322
-0.159331
-0.159328
-0.159323
-0.159321
-0.159322
-0.159322
-0.159323
-0.159332
-0.159330
-0.159324
-0.159322
-0.159322
-0.159323
-0.159324
-0.159331
-0.159330
-0.159325
-0.159323
-0.159323
-0.159324
-0.159325
-0.159332
-0.159331
-0.159326
-0.159324
-0.159323
-0.159326
-0.159326
-0.159331
-0.159331
-0.159328
-0.159325
-0.159323
-0.159326
-0.159327
-0.159333
-0.159331
-0.159328
-0.159316
-0.159321
-0.159336
-0.159334
-0.159322
-0.159328
-0.159332
-0.159333
-0.159330
-0.159325
-0.159324
-0.159327
-0.159329
-0.159330
-0.159328
-0.159328
-0.159330
-0.159330
-0.159329
-0.159331
-0.159331
-0.159328
-0.159329
-0.159326
-0.159332
-0.159328
-0.159328
-0.159328
-0.159330
-0.159330
-0.159331
-0.159329
-0.159330
-0.159330
-0.159329
-0.159333
-0.159331
-0.159328
-0.159328
-0.159329
-0.159330
-0.159332
-0.159331
-0.159329
-0.159328
-0.159330
-0.159331
-0.159332
-0.159331
-0.159330
-0.159330
-0.159332
-0.159331
-0.159334
-0.159330
-0.159331
-0.159323
-0.159333
-0.159329
-0.159332
-0.159333
-0.159328
-0.159330
-0.159330
-0.159330
-0.159330
-0.159331
-0.159331
-0.159328
-0.159329
-0.159333
-0.159332
-0.159332
-0.159330
-0.159331
-0.159330
-0.159332
-0.159330
-0.159331
-0.159330
-0.159330
-0.159331
-0.159331
-0.159330
-0.159331
-0.159330
-0.159331
-0.159331
-0.159331
-0.159330
-0.159330
-0.159330
-0.159331
-0.159331
-0.159330
-0.159332
-0.159331
-0.159329
-0.159330
-0.159330
-0.159330
-0.159332
-0.159330
-0.159330
-0.159330
-0.159330
-0.159332
-0.159329
-0.159330
-0.159330
-0.159330
-0.159331
-0.159331
-0.159330
-0.159330
-0.159329
-0.159332
-0.159330
-0.159329
-0.159332
-0.159329
-0.159328
-0.159330
-0.159330
-0.159330
-0.159330
-0.159329
-0.159329
-0.159329
-0.159330
-0.159329
-0.159331
-0.159330
-0.159328
-0.159330
-0.159329
-0.159329
-0.159329
-0.159329
-0.159329
-0.159329
-0.159330
-0.159330
-0.159327
-0.159329
-0.159328
-0.159329
-0.159329
-0.159330
-0.159329
-0.159327
-0.159330
-0.159328
-0.159327
-0.159329
-0.159328
-0.159328
-0.159328
-0.159328
-0.159327
-0.159327
-0.159328
-0.159328
-0.159327
-0.159328
-0.159327
-0.159328
-0.159328
-0.159327
-0.159326
-0.159327
-0.159326
-0.159327
-0.159327
-0.159328
-0.159327
-0.159325
-0.159328
-0.159326
-0.159326
-0.159326
-0.159326
-0.159326
-0.159326
-0.159327
-0.159326
-0.159325
-0.159326
-0.159325
-0.159326
-0.159326
-0.159326
-0.159325
-0.159325
-0.159325
-0.159325
-0.159325
-0.159326
-0.159325
-0.159324
-0.159326
-0.159324
-0.159325
-0.159324
-0.159324
-0.159323
-0.159324
-0.159325
-0.159324
-0.159323
-0.159324
-0.159323
-0.159324
-0.159324
-0.159324
-0.159323
-0.159324
-0.159323
-0.159323
-0.159324
-0.159323
-0.159322
-0.159323
-0.159323
-0.159322
-0.159322
-0.159322
-0.159322
-0.159322
-0.159321
-0.159323
-0.159322
-0.159321
-0.159322
-0.159322
-0.159320
-0.159322
-0.159322
-0.159321
-0.159321
-0.159321
-0.159320
-0.159322
-0.159321
-0.159320
-0.159320
-0.159321
-0.159320
-0.159320
-0.159320
-0.159320
-0.159319
-0.159319
-0.159320
-0.159320
-0.159319
-0.159319
-0.159318
-0.159319
-0.159320
-0.159319
-0.159318
-0.159319
-0.159318
-0.159319
-0.159319
-0.159318
-0.159317
-0.159318
-0.159319
-0.159318
-0.159318
-0.159317
-0.159317
-0.159317
-0.159317
-0.159318
-0.159318
-0.159316
-0.159317
-0.159316
-0.159317
-0.159317
-0.159317
-0.159316
-0.159316
-0.159316
-0.159316
-0.159316
-0.159316
-0.159315
-0.159315
-0.159316
-0.159316
-0.159316
-0.159315
-0.159315
-0.159314
-0.159315
-0.159316
-0.159315
-0.159314
-0.159314
-0.159314
-0.159314
-0.159315
-0.159314
-0.159313
-0.159314
-0.159314
-0.159313
-0.159314
-0.159314
-0.159313
-0.159313
-0.159313
-0.159313
-0.159313
-0.159313
-0.159312
-0.159312
-0.159313
-0.159313
-0.159312
-0.159312
-0.159312
-0.159312
-0.159311
-0.159313
-0.159312
-0.159311
-0.159311
-0.159313
-0.159311
-0.159312
-0.159310
-0.159311
-0.159310
-0.159311
-0.159311
-0.159311
-0.159311
-0.159310
-0.159309
-0.159310
-0.159311
-0.159310
-0.159310
-0.159310
-0.159309
-0.159309
-0.159311
-0.159309
-0.159309
-0.159309
-0.159309
-0.159310
-0.159309
-0.159309
-0.159308
-0.159308
-0.159308
-0.159309
-0.159309
-0.159308
-0.159308
-0.159307
-0.159309
-0.159308
-0.159308
-0.159307
-0.159308
-0.159307
-0.159307
-0.159308
-0.159307
-0.159309
-0.159307
-0.159305
-0.159308
-0.159307
-0.159307
-0.159306
-0.159306
-0.159306
-0.159306
-0.159307
-0.159307
-0.159305
-0.159306
-0.159306
-0.159306
-0.159306
-0.159305
-0.159308
-0.159306
-0.159305
-0.159303
-0.159306
-0.159305
-0.159307
-0.159305
-0.159304
-0.159304
-0.159306
-0.159304
-0.159307
-0.159304
-0.159303
-0.159304
-0.159305
-0.159305
-0.159302
-0.159305
-0.159304
-0.159305
-0.159305
-0.159303
-0.159305
-0.159304
-0.159303
-0.159303
-0.159304
-0.159303
-0.159305
-0.159303
-0.159302
-0.159304
-0.159303
-0.159302
-0.159303
-0.159303
-0.159302
-0.159303
-0.159303
-0.159302
-0.159302
-0.159303
-0.159302
-0.159303
-0.159302
-0.159302
-0.159303
-0.159303
-0.159302
-0.159302
-0.159302
-0.159302
-0.159302
-0.159302
-0.159301
-0.159302
-0.159302
-0.159301
-0.159301
-0.159302
-0.159302
-0.159302
-0.159301
-0.159302
-0.159303
-0.159303
-0.159303
-0.159299
-0.159296
-0.159300
-0.159300
-0.159302
-0.159302
-0.159301
-0.159301
-0.159301
-0.159301
-0.159301
-0.159301
-0.159301
-0.159294
-0.159306
-0.159304
-0.159299
-0.159300
-0.159299
-0.159299
-0.159297
-0.159301
-0.159307
-0.159300
-0.159292
-0.159298
-0.159299
-0.159303
-0.159303
-0.159296
-0.159300
-0.159305
-0.159301
-0.159300
-0.159299
-0.159299
-0.159298
-0.159299
-0.159298
-0.159301
-0.159306
-0.159297
-0.159292
-0.159298
-0.159299
-0.159304
-0.159304
-0.159298
-0.159298
-0.159299
-0.159298
-0.159298
-0.159300
-0.159305
-0.159302
-0.159292
-0.159294
-0.159296
-0.159310
-0.159303
-0.159301
-0.159295
-0.159295
-0.159300
-0.159297
-0.159296
-0.159297
-0.159298
-0.159299
-0.159302
-0.159304
-0.159301
-0.159288
-0.159292
-0.159308
-0.159307
-0.159299
-0.159299
-0.159289
-0.159293
-0.159305
-0.159302
-0.159300
-0.159295
-0.159296
-0.159298
-0.159299
-0.159302
-0.159304
-0.159302
-0.159287
-0.159291
-0.159297
-0.159307
-0.159306
-0.159298
-0.159297
-0.159299
-0.159298
-0.159297
-0.159298
-0.159304
-0.159302
-0.159294
-0.159295
-0.159298
-0.159299
-0.159299
-0.159301
-0.159301
-0.159300
-0.159296
-0.159296
-0.159299
-0.159300
-0.159302
-0.159300
-0.159287
-0.159293
-0.159299
-0.159313
-0.159308
-0.159283
-0.159290
-0.159313
-0.159309
-0.159289
-0.159289
-0.159304
-0.159303
-0.159301
-0.159299
-0.159293
-0.159295
-0.159299
-0.159301
-0.159302
-0.159300
-0.159294
-0.159296
-0.159299
-0.159300
-0.159301
-0.159301
-0.159300
-0.159300
-0.159296
-0.159299
-0.159305
-0.159304
-0.159302
-0.159297
-0.159295
-0.159293
-0.159295
-0.159298
-0.159302
-0.159311
-0.159307
-0.159282
-0.159302
-0.159303
-0.159303
-0.159300
-0.159300
-0.159297
-0.159296
-0.159298
-0.159299
-0.159301
-0.159301
-0.159303
-0.159298
-0.159301
-0.159301
-0.159296
-0.159306
-0.159304
-0.159302
-0.159300
-0.159298
-0.159297
-0.159297
-0.159300
-0.159298
-0.159299
-0.159302
-0.159304
-0.159298
-0.159301
-0.159301
-0.159296
-0.159299
-0.159301
-0.159303
-0.159304
-0.159303
-0.159302
-0.159300
-0.159296
-0.159298
-0.159299
-0.159309
-0.159306
-0.159291
-0.159302
-0.159303
-0.159301
-0.159298
-0.159300
-0.159304
-0.159305
-0.159304
-0.159303
-0.159301
-0.159299
-0.159297
-0.159298
-0.159300
-0.159302
-0.159307
-0.159305
-0.159303
-0.159301
-0.159301
-0.159301
-0.159298
-0.159299
-0.159300
-0.159311
-0.159296
-0.159299
-0.159302
-0.159303
-0.159302
-0.159305
-0.159304
-0.159305
-0.159294
-0.159297
-0.159314
-0.159311
-0.159297
-0.159298
-0.159303
-0.159303
-0.159303
-0.159304
-0.159305
-0.159306
-0.159305
-0.159303
-0.159300
-0.159300
-0.159301
-0.159302
-0.159303
-0.159304
-0.159304
-0.159304
-0.159303
-0.159303
-0.159303
-0.159303
-0.159303
-0.159303
-0.159303
-0.159303
-0.159304
-0.159304
-0.159304
-0.159304
-0.159305
-0.159305
-0.159305
-0.159305
-0.159305
-0.159305
-0.159304
-0.159304
-0.159304
-0.159304
-0.159304
-0.159304
-0.159306
-0.159306
-0.159305
-0.159305
-0.159307
-0.159307
-0.159305
-0.159305
-0.159305
-0.159305
-0.159304
-0.159304
-0.159303
-0.159303
-0.159306
-0.159306
-0.159306
-0.159306
-0.159306
-0.159306
-0.159305
-0.159306
-0.159306
-0.159306
-0.159306
-0.159306
-0.159306
-0.159306
-0.159306
-0.159307
-0.159307
-0.159305
-0.159305
-0.159306
-0.159306
-0.159307
-0.159307
-0.159307
-0.159307
-0.159307
-0.159307
-0.159307
-0.159307
-0.159307
-0.159306
-0.159306
-0.159307
-0.159307
-0.159307
-0.159307
-0.159308
-0.159308
-0.159308
-0.159308
-0.159309
-0.159309
-0.159308
-0.159308
-0.159308
-0.159308
-0.159308
-0.159308
-0.159307
-0.159307
-0.159306
-0.159306
-0.159307
-0.159308
-0.159308
-0.159308
-0.159309
-0.159309
-0.159309
-0.159309
-0.159310
-0.159310
-0.159309
-0.159309
-0.159310
-0.159310
-0.159309
-0.159309
-0.159309
-0.159309
-0.159309
-0.159310
-0.159310
-0.159310
-0.159309
-0.159309
-0.159309
-0.159309
-0.159309
-0.159309
-0.159309
-0.159309
-0.159309
-0.159309
-0.159310
-0.159310
-0.159309
-0.159310
-0.159310
-0.159310
-0.159310
-0.159310
-0.159311
-0.159311
-0.159310
-0.159310
-0.159310
-0.159310
-0.159310
-0.159310
-0.159311
-0.159311
-0.159311
-0.159311
-0.159311
-0.159311
-0.159310
-0.159311
-0.159311
-0.159311
-0.159311
-0.159311
-0.159311
-0.159310
-0.159310
-0.159311
-0.159311
-0.159311
-0.159312
-0.159312
-0.159312
-0.159312
-0.159311
-0.159311
-0.159311
-0.159311
-0.159311
-0.159311
-0.159312
-0.159310
-0.159310
-0.159312
-0.159312
-0.159310
-0.159311
-0.159311
-0.159315
-0.159315
-0.159315
-0.159314
-0.159314
-0.159312
-0.159312
-0.159308
-0.159308
-0.159311
-0.159310
-0.159310
-0.159311
-0.159311
-0.159329
-0.159329
-0.159286
-0.159317
-0.159317
-0.159312
-0.159312
-0.159304
-0.159311
-0.159311
-0.159315
-0.159318
-0.159318
-0.159312
-0.159306
-0.159306
-0.159318
-0.159323
-0.159317
-0.159313
-0.159310
-0.159310
-0.159311
-0.159312
-0.159313
-0.159313
-0.159313
-0.159314
-0.159316
-0.159315
-0.159312
-0.159311
-0.159317
-0.159308
-0.159313
-0.159315
-0.159323
-0.159317
-0.159292
-0.159325
-0.159323
-0.159308
-0.159308
-0.159315
-0.159311
-0.159314
-0.159315
-0.159320
-0.159316
-0.159298
-0.159308
-0.159332
-0.159312
-0.159313
-0.159314
-0.159314
-0.159314
-0.159314
-0.159314
-0.159313
-0.159314
-0.159316
-0.159319
-0.159316
-0.159299
-0.159323
-0.159321
-0.159307
-0.159307
-0.159323
-0.159319
-0.159314
-0.159310
-0.159310
-0.159323
-0.159319
-0.159315
-0.159313
-0.159312
-0.159312
-0.159312
-0.159310
-0.159311
-0.159314
-0.159317
-0.159317
-0.159316
-0.159316
-0.159315
-0.159315
-0.159312
-0.159312
-0.159320
-0.159317
-0.159302
-0.159307
-0.159326
-0.159326
-0.159306
-0.159319
-0.159318
-0.159316
-0.159313
-0.159310
-0.159310
-0.159313
-0.159315
-0.159316
-0.159316
-0.159316
-0.159318
-0.159315
-0.159305
-0.159316
-0.159317
-0.159321
-0.159318
-0.159299
-0.159307
-0.159345
-0.159332
-0.159268
-0.159329
-0.159325
-0.159307
-0.159308
-0.159313
-0.159329
-0.159323
-0.159294
-0.159304
-0.159339
-0.159329
-0.159303
-0.159304
-0.159320
-0.159319
-0.159309
-0.159311
-0.159316
-0.159318
-0.159318
-0.159317
-0.159310
-0.159310
-0.159324
-0.159312
-0.159311
-0.159323
-0.159321
-0.159299
-0.159304
-0.159323
-0.159324
-0.159316
-0.159315
-0.159312
-0.159314
-0.159314
-0.159314
-0.159314
-0.159314
-0.159315
-0.159316
-0.159318
-0.159317
-0.159310
-0.159315
-0.159315
-0.159315
-0.159314
-0.159313
-0.159316
-0.159317
-0.159317
-0.159316
-0.159313
-0.159311
-0.159318
-0.159312
-0.159313
-0.159323
-0.159320
-0.159299
-0.159306
-0.159327
-0.159324
-0.159307
-0.159309
-0.159321
-0.159320
-0.159312
-0.159312
-0.159313
-0.159314
-0.159316
-0.159316
-0.159313
-0.159313
-0.159314
-0.159315
-0.159317
-0.159316
-0.159311
-0.159312
-0.159314
-0.159315
-0.159317
-0.159317
-0.159315
-0.159314
-0.159311
-0.159313
-0.159319
-0.159317
-0.159315
-0.159313
-0.159311
-0.159312
-0.159313
-0.159314
-0.159318
-0.159314
-0.159306
-0.159309
-0.159323
-0.159320
-0.159313
-0.159311
-0.159311
-0.159311
-0.159318
-0.159318
-0.159311
-0.159312
-0.159314
-0.159314
-0.159315
-0.159316
-0.159314
-0.159312
-0.159313
-0.159315
-0.159315
-0.159314
-0.159314
-0.159305
-0.159311
-0.159323
-0.159318
-0.159316
-0.159313
-0.159308
-0.159312
-0.159314
-0.159314
-0.159313
-0.159315
-0.159315
-0.159315
-0.159314
-0.159304
-0.159309
-0.159324
-0.159321
-0.159310
-0.159310
-0.159317
-0.159315
-0.159314
-0.159313
-0.159312
-0.159310
-0.159311
-0.159312
-0.159312
-0.159310
-0.159319
-0.159315
-0.159308
-0.159310
-0.159312
-0.159313
-0.159318
-0.159317
-0.159308
-0.159308
-0.159314
-0.159315
-0.159313
-0.159313
-0.159315
-0.159314
-0.159311
-0.159310
-0.159311
-0.159314
-0.159314
-0.159316
-0.159313
-0.159306
-0.159309
-0.159315
-0.159315
-0.159317
-0.159315
-0.159313
-0.159311
-0.159311
-0.159310
-0.159313
-0.159309
-0.159309
-0.159312
-0.159321
-0.159316
-0.159311
-0.159300
-0.159306
-0.159331
-0.159297
-0.159303
-0.159315
-0.159316
-0.159318
-0.159318
-0.159308
-0.159309
-0.159311
-0.159311
-0.159313
-0.159314
-0.159313
-0.159314
-0.159313
-0.159311
-0.159311
-0.159309
-0.159309
-0.159318
-0.159313
-0.159311
-0.159310
-0.159310
-0.159309
-0.159312
-0.159310
-0.159308
-0.159312
-0.159312
-0.159312
-0.159310
-0.159311
-0.159312
-0.159311
-0.159310
-0.159310
-0.159309
-0.159316
-0.159314
-0.159306
-0.159307
-0.159308
-0.159310
-0.159311
-0.159314
-0.159316
-0.159311
-0.159311
-0.159310
-0.159310
-0.159310
-0.159309
-0.159311
-0.159312
-0.159313
-0.159310
-0.159303
-0.159305
-0.159325
-0.159321
-0.159303
-0.159303
-0.159307
-0.159308
-0.159315
-0.159314
-0.159311
-0.159310
-0.159306
-0.159307
-0.159312
-0.159311
-0.159313
-0.159311
-0.159310
-0.159307
-0.159307
-0.159308
-0.159314
-0.159313
-0.159308
-0.159308
-0.159307
-0.159309
-0.159321
-0.159303
-0.159305
-0.159312
-0.159312
-0.159312
-0.159311
-0.159308
-0.159306
-0.159307
-0.159312
-0.159311
-0.159307
-0.159309
-0.159317
-0.159314
-0.159308
-0.159307
-0.159305
-0.159305
-0.159319
-0.159313
-0.159309
-0.159306
-0.159305
-0.159308
-0.159305
-0.159306
-0.159310
-0.159315
-0.159313
-0.159306
-0.159305
-0.159311
-0.159311
-0.159305
-0.159305
-0.159314
-0.159315
-0.159308
-0.159305
-0.159301
-0.159308
-0.159326
-0.159318
-0.159282
-0.159294
-0.159337
-0.159327
-0.159292
-0.159297
-0.159326
-0.159318
-0.159295
-0.159296
-0.159309
-0.159310
-0.159317
-0.159313
-0.159299
-0.159301
-0.159313
-0.159312
-0.159308
-0.159307
-0.159311
-0.159310
-0.159308
-0.159305
-0.159306
-0.159309
-0.159310
-0.159309
-0.159309
-0.159302
-0.159308
-0.159308
-0.159314
-0.159313
-0.159304
-0.159304
-0.159308
-0.159308
-0.159313
-0.159311
-0.159300
-0.159302
-0.159313
-0.159314
-0.159311
-0.159309
-0.159302
-0.159305
-0.159308
-0.159310
-0.159312
-0.159310
-0.159302
-0.159304
-0.159307
-0.159309
-0.159312
-0.159311
-0.159303
-0.159305
-0.159310
-0.159311
-0.159305
-0.159306
-0.159309
-0.159308
-0.159307
-0.159307
-0.159307
-0.159307
-0.159307
-0.159307
-0.159307
-0.159309
-0.159311
-0.159310
-0.159295
-0.159300
-0.159322
-0.159319
-0.159294
-0.159298
-0.159314
-0.159314
-0.159306
-0.159308
-0.159309
-0.159308
-0.159305
-0.159306
-0.159306
-0.159306
-0.159307
-0.159309
-0.159308
-0.159308
-0.159308
-0.159305
-0.159305
-0.159305
-0.159315
-0.159312
-0.159302
-0.159302
-0.159307
-0.159307
-0.159311
-0.159310
-0.159302
-0.159302
-0.159315
-0.159315
-0.159298
-0.159299
-0.159319
-0.159309
-0.159309
-0.159306
-0.159305
-0.159306
-0.159306
-0.159309
-0.159308
-0.159304
-0.159304
-0.159305
-0.159308
-0.159312
-0.159311
-0.159302
-0.159304
-0.159310
-0.159310
-0.159306
-0.159307
-0.159307
-0.159307
-0.159307
-0.159307
-0.159304
-0.159305
-0.159308
-0.159307
-0.159306
-0.159310
-0.159308
-0.159303
-0.159305
-0.159306
-0.159308
-0.159312
-0.159310
-0.159300
-0.159302
-0.159315
-0.159312
-0.159298
-0.159302
-0.159314
-0.159313
-0.159304
-0.159305
-0.159307
-0.159308
-0.159309
-0.159308
-0.159307
-0.159304
-0.159305
-0.159306
-0.159306
-0.159306
-0.159305
-0.159307
-0.159316
-0.159312
-0.159297
-0.159300
-0.159311
-0.159311
-0.159309
-0.159308
-0.159302
-0.159303
-0.159310
-0.159311
-0.159310
-0.159302
-0.159301
-0.159306
-0.159308
-0.159309
-0.159308
-0.159309
-0.159310
-0.159306
-0.159305
-0.159305
-0.159305
-0.159306
-0.159308
-0.159308
-0.159310
-0.159309
-0.159307
-0.159306
-0.159304
-0.159305
-0.159307
-0.159312
-0.159310
-0.159299
-0.159301
-0.159309
-0.159313
-0.159311
-0.159309
-0.159302
-0.159309
-0.159309
-0.159305
-0.159305
-0.159305
-0.159308
-0.159308
-0.159308
-0.159307
-0.159307
-0.159306
-0.159304
-0.159307
-0.159314
-0.159305
-0.159306
-0.159307
-0.159306
-0.159306
-0.159306
-0.159306
-0.159308
-0.159309
-0.159310
-0.159303
-0.159305
-0.159306
-0.159307
-0.159309
-0.159308
-0.159309
-0.159310
-0.159308
-0.159306
-0.159304
-0.159306
-0.159312
-0.159310
-0.159307
-0.159306
-0.159305
-0.159306
-0.159309
-0.159308
-0.159306
-0.159307
-0.159311
-0.159309
-0.159308
-0.159307
-0.159305
-0.159306
-0.159306
-0.159307
-0.159311
-0.159308
-0.159300
-0.159302
-0.159307
-0.159310
-0.159318
-0.159315
-0.159289
-0.159316
-0.159314
-0.159294
-0.159299
-0.159304
-0.159326
-0.159322
-0.159293
-0.159297
-0.159320
-0.159317
-0.159299
-0.159301
-0.159312
-0.159311
-0.159309
-0.159307
-0.159307
-0.159307
-0.159307
-0.159309
-0.159308
-0.159306
-0.159307
-0.159312
-0.159306
-0.159305
-0.159310
-0.159309
-0.159309
-0.159306
-0.159307
-0.159307
-0.159311
-0.159309
-0.159307
-0.159306
-0.159303
-0.159306
-0.159317
-0.159313
-0.159296
-0.159300
-0.159315
-0.159315
-0.159308
-0.159307
-0.159306
-0.159312
-0.159311
-0.159299
-0.159302
-0.159311
-0.159312
-0.159310
-0.159310
-0.159309
-0.159302
-0.159303
-0.159318
-0.159315
-0.159293
-0.159298
-0.159320
-0.159318
-0.159313
-0.159298
-0.159301
-0.159304
-0.159329
-0.159319
-0.159282
-0.159290
-0.159326
-0.159322
-0.159302
-0.159304
-0.159310
-0.159310
-0.159307
-0.159307
-0.159305
-0.159310
-0.159314
-0.159303
-0.159305
-0.159307
-0.159309
-0.159311
-0.159313
-0.159313
-0.159311
-0.159309
-0.159303
-0.159303
-0.159318
-0.159305
-0.159304
-0.159320
-0.159303
-0.159303
-0.159305
-0.159317
-0.159314
-0.159311
-0.159307
-0.159306
-0.159310
-0.159309
-0.159300
-0.159305
-0.159321
-0.159304
-0.159305
-0.159307
-0.159309
-0.159310
-0.159310
-0.159313
-0.159312
-0.159311
-0.159301
-0.159304
-0.159320
-0.159316
-0.159293
-0.159318
-0.159312
-0.159307
-0.159306
-0.159306
-0.159307
-0.159319
-0.159314
-0.159309
-0.159306
-0.159305
-0.159308
-0.159307
-0.159308
-0.159312
-0.159309
-0.159309
-0.159309
-0.159309
-0.159310
-0.159309
-0.159310
-0.159309
-0.159306
-0.159313
-0.159312
-0.159305
-0.159304
-0.159307
-0.159310
-0.159318
-0.159316
-0.159313
-0.159309
-0.159306
-0.159304
-0.159304
-0.159318
-0.159316
-0.159297
-0.159301
-0.159314
-0.159315
-0.159312
-0.159311
-0.159309
-0.159307
-0.159309
-0.159313
-0.159311
-0.159308
-0.159306
-0.159308
-0.159311
-0.159311
-0.159311
-0.159310
-0.159310
-0.159311
-0.159308
-0.159308
-0.159306
-0.159309
-0.159317
-0.159306
-0.159307
-0.159310
-0.159312
-0.159315
-0.159311
-0.159301
-0.159305
-0.159324
-0.159318
-0.159295
-0.159299
-0.159306
-0.159313
-0.159318
-0.159317
-0.159313
-0.159310
-0.159308
-0.159307
-0.159306
-0.159312
-0.159311
-0.159311
-0.159308
-0.159308
-0.159305
-0.159310
-0.159322
-0.159308
-0.159309
-0.159308
-0.159308
-0.159308
-0.159309
-0.159309
-0.159312
-0.159313
-0.159312
-0.159311
-0.159310
-0.159311
-0.159309
-0.159305
-0.159316
-0.159313
-0.159302
-0.159304
-0.159328
-0.159318
-0.159312
-0.159284
-0.159293
-0.159344
-0.159304
-0.159304
-0.159315
-0.159313
-0.159311
-0.159299
-0.159303
-0.159322
-0.159313
-0.159311
-0.159307
-0.159309
-0.159311
-0.159312
-0.159306
-0.159308
-0.159327
-0.159321
-0.159279
-0.159314
-0.159315
-0.159315
-0.159311
-0.159311
-0.159311
-0.159310
-0.159310
-0.159309
-0.159310
-0.159311
-0.159310
-0.159310
-0.159309
-0.159309
-0.159309
-0.159310
-0.159311
-0.159312
-0.159313
-0.159312
-0.159309
-0.159309
-0.159310
-0.159309
-0.159312
-0.159312
-0.159315
-0.159310
-0.159304
-0.159316
-0.159310
-0.159309
-0.159309
-0.159310
-0.159310
-0.159310
-0.159314
-0.159313
-0.159312
-0.159311
-0.159311
-0.159310
-0.159310
-0.159311
-0.159311
-0.159311
-0.159311
-0.159311
-0.159311
-0.159311
-0.159311
-0.159311
-0.159311
-0.159311
-0.159311
-0.159311
-0.159311
-0.159311
-0.159310
-0.159310
-0.159310
-0.159311
-0.159311
-0.159311
-0.159311
-0.159311
-0.159311
-0.159311
-0.159311
-0.159310
-0.159311
-0.159311
-0.159311
-0.159311
-0.159311
-0.159311
-0.159310
-0.159310
-0.159310
-0.159311
-0.159311
-0.159311
-0.159311
-0.159311
-0.159311
-0.159311
-0.159311
-0.159311
-0.159311
-0.159311
-0.159311
-0.159312
-0.159311
-0.159311
-0.159311
-0.159310
-0.159310
-0.159310
-0.159310
-0.159311
-0.159311
-0.159311
-0.159311
-0.159311
-0.159311
-0.159311
-0.159311
-0.159311
-0.159311
-0.159311
-0.159311
-0.159311
-0.159310
-0.159311
-0.159311
-0.159311
-0.159311
-0.159311
-0.159311
-0.159311
-0.159311
-0.159311
-0.159311
-0.159311
-0.159311
-0.159311
-0.159311
-0.159311
-0.159311
-0.159310
-0.159311
-0.159311
-0.159311
-0.159311
-0.159311
-0.159311
-0.159311
-0.159311
-0.159311
-0.159311
-0.159311
-0.159311
-0.159311
-0.159311
-0.159311
-0.159310
-0.159310
-0.159310
-0.159312
-0.159312
-0.159310
-0.159310
-0.159310
-0.159310
-0.159309
-0.159309
-0.159309
-0.159309
-0.159310
-0.159310
-0.159310
-0.159314
-0.159314
-0.159309
-0.159312
-0.159312
-0.159310
-0.159310
-0.159310
-0.159309
-0.159309
-0.159309
-0.159310
-0.159310
-0.159311
-0.159313
-0.159313
-0.159313
-0.159313
-0.159309
-0.159307
-0.159307
-0.159319
-0.159319
-0.159303
-0.159303
-0.159312
-0.159312
-0.159312
-0.159312
-0.159309
-0.159309
-0.159312
-0.159317
-0.159312
-0.159295
-0.159295
-0.159347
-0.159289
-0.159301
-0.159301
-0.159332
-0.159332
-0.159320
-0.159320
-0.159281
-0.159281
-0.159302
-0.159302
-0.159346
-0.159346
-0.159295
-0.159295
-0.159316
-0.159316
-0.159309
-0.159309
-0.159312
-0.159312
-0.159311
-0.159311
-0.159310
-0.159310
-0.159310
-0.159310
-0.159310
-0.159310
-0.159309
-0.159309
-0.159309
-0.159309
-0.159309
-0.159310
-0.159310
-0.159313
-0.159313
-0.159313
-0.159308
-0.159308
-0.159310
-0.159310
-0.159316
-0.159316
-0.159301
-0.159310
-0.159310
-0.159310
-0.159310
-0.159317
-0.159306
-0.159306
-0.159312
-0.159312
-0.159315
-0.159315
-0.159310
-0.159308
-0.159308
-0.159311
-0.159311
-0.159310
-0.159310
-0.159310
-0.159311
-0.159311
-0.159310
-0.159310
-0.159310
-0.159309
-0.159309
-0.159310
-0.159310
-0.159311
-0.159311
-0.159311
-0.159311
-0.159310
-0.159309
-0.159309
-0.159310
-0.159310
-0.159310
-0.159310
-0.159310
-0.159310
-0.159310
-0.159310
-0.159310
-0.159310
-0.159310
-0.159310
-0.159310
-0.159310
-0.159310
-0.159310
-0.159310
-0.159310
-0.159309
-0.159310
-0.159310
-0.159310
-0.159310
-0.159310
-0.159310
-0.159310
-0.159310
-0.159310
-0.159310
-0.159310
-0.159310
-0.159310
-0.159309
-0.159309
-0.159308
-0.159315
-0.159315
-0.159309
-0.159309
-0.159300
-0.159305
-0.159305
-0.159320
-0.159320
-0.159307
-0.159307
-0.159294
-0.159294
-0.159349
-0.159287
-0.159287
-0.159335
-0.159335
-0.159301
-0.159303
-0.159303
-0.159309
-0.159312
-0.159312
-0.159312
-0.159312
-0.159312
-0.159312
-0.159303
-0.159303
-0.159311
-0.159311
-0.159317
-0.159309
-0.159309
-0.159309
-0.159310
-0.159310
-0.159309
-0.159309
-0.159314
-0.159314
-0.159301
-0.159301
-0.159325
-0.159303
-0.159303
-0.159310
-0.159310
-0.159314
-0.159307
-0.159308
-0.159308
-0.159312
-0.159312
-0.159311
-0.159311
-0.159312
-0.159312
-0.159304
-0.159304
-0.159319
-0.159300
-0.159300
-0.159334
-0.159334
-0.159268
-0.159268
-0.159364
-0.159302
-0.159308
-0.159308
-0.159321
-0.159321
-0.159283
-0.159283
-0.159344
-0.159344
-0.159279
-0.159304
-0.159304
-0.159316
-0.159316
-0.159316
-0.159310
-0.159310
-0.159306
-0.159301
-0.159301
-0.159315
-0.159315
-0.159308
-0.159308
-0.159308
-0.159316
-0.159316
-0.159301
-0.159301
-0.159318
-0.159309
-0.159309
-0.159311
-0.159310
-0.159310
-0.159309
-0.159309
-0.159309
-0.159309
-0.159309
-0.159309
-0.159309
-0.159311
-0.159311
-0.159310
-0.159310
-0.159310
-0.159308
-0.159308
-0.159307
-0.159307
-0.159310
-0.159313
-0.159313
-0.159296
-0.159296
-0.159329
-0.159313
-0.159313
-0.159305
-0.159307
-0.159307
-0.159308
-0.159308
-0.159314
-0.159311
-0.159311
-0.159309
-0.159309
-0.159309
-0.159309
-0.159308
-0.159308
-0.159309
-0.159309
-0.159312
-0.159310
-0.159310
-0.159309
-0.159309
-0.159305
-0.159305
-0.159310
-0.159310
-0.159313
-0.159313
-0.159306
-0.159308
-0.159308
-0.159309
-0.159309
-0.159309
-0.159310
-0.159310
-0.159310
-0.159309
-0.159309
-0.159309
-0.159309
-0.159309
-0.159309
-0.159309
-0.159309
-0.159309
-0.159309
-0.159311
-0.159311
-0.159310
-0.159310
-0.159308
-0.159308
-0.159306
-0.159306
-0.159307
-0.159307
-0.159313
-0.159313
-0.159312
-0.159308
